summary,double,brettel,0,65536,8.105564117,8.191013336,8.648967743,2.812111855,2.818610668,2.836342812,2.9060463827067298
summary,double,brettel,1,65536,8.106422424,8.2315444945,8.743095398,2.824948311,2.833559513,2.851528168,2.9050190958526727
summary,double,brettel,2,65536,8.110713959,8.235836029000001,8.727645874,2.811988831,2.8308792115,2.847615242,2.909285565962411
summary,double,lookup,0,65536,27.446365356,27.517175674500002,27.798366547,3.481753349,3.4961557384999997,3.569490433,7.870695052705532
summary,double,lookup,1,65536,27.431774139,27.6320934295,48.424434662,3.475962639,3.4894742965,3.537805557,7.918698085042622
summary,double,lookup,2,65536,27.560901642,27.625370025499997,27.903461456,3.476537704,3.5014190675,3.638191223,7.889763976530923
summary,double,lookupApply,0,65536,35.084533691,35.440301895,38.204956055,6.670949936,6.7103147505,6.746504784,5.281466401014835
summary,double,lookupApply,1,65536,35.282611847,35.559844971,37.628555298,6.674785614,6.696301460000001,6.766499519,5.310370983656401
summary,double,lookupApply,2,65536,35.225963593,35.457134247,35.86397171,6.669379234,6.701753139,6.767756462,5.290725204523234
summary,double,prepared,0,65536,12.910747528,12.9766464235,13.308238983,0.769850731,0.7777967450000001,0.785226822,16.68385282777186
summary,double,prepared,1,65536,12.843990326,12.9436016085,23.786830902,0.766173363,0.7792725565,0.786507607,16.609851714314797
summary,double,prepared,2,65536,12.905597687,12.967967987000002,13.040733337,0.764081001,0.773785591,0.782448769,16.759123118641792
summary,double,vienot,0,65536,2.586746216,2.6124954220000003,2.65712738,0.768685341,0.7774534225,0.781520844,3.3603240353604593
summary,double,vienot,1,65536,2.572345734,2.6040077210000003,2.694797516,0.766851425,0.777224064,0.783862114,3.350395132644787
summary,float,brettel,0,65536,8.414459229,8.59951973,9.05046463,1.465603828,1.4872460365000002,1.523988724,5.782176935725859
summary,float,brettel,1,65536,8.296775818,8.4005355835,8.644008636,1.463234901,1.4805502895,1.501314163,5.673927892268329
summary,float,brettel,2,65536,8.337211609,8.413839339999999,8.657836914,1.512700081,1.527279377,1.546509743,5.509037486335416
summary,float,lookup,0,65536,18.121337891,18.312883377,27.045631409,2.318080902,2.3360991475,2.35100174,7.839086537314871
summary,float,lookup,1,65536,18.098258972,18.1882858275,18.337726593,2.304489136,2.3311133385,2.416503906,7.802403052270125
summary,float,lookup,2,65536,18.04895401,18.207979202,18.423843384,2.305463791,2.3162651060000004,2.33229351,7.86092194491661
summary,float,lookupApply,0,65536,25.991344452,26.6954422,28.058052063,6.859285355,6.9119300845,6.992164612,3.8622268850584174
summary,float,lookupApply,1,65536,25.797271729,26.0098457335,26.310253143,6.862914085,6.948424816,7.204558372,3.74327224115711
summary,float,lookupApply,2,65536,25.827598572,25.983953476,26.133346558,6.856027603,6.879845619499999,7.051177025,3.7768221720487407
summary,float,prepared,0,65536,10.150527954,10.217618942000001,10.718822479,0.440918922,0.4462537765,0.454749107,22.89643131345019
summary,float,prepared,1,65536,10.085391998,10.172891617000001,10.279178619,0.438894272,0.4457325935,0.452484131,22.822857842007917
summary,float,prepared,2,65536,10.078811646,10.1416110995,10.371208191,0.439772606,0.444791317,0.451548576,22.800829764174555
summary,float,vienot,0,65536,2.130699158,2.177667618,2.254676819,0.441339493,0.4489893915,0.488530159,4.850153832643505
summary,float,vienot,1,65536,2.114677429,2.1268367765000002,2.157306671,0.440374374,0.44609069850000005,0.451911926,4.767722760531847
cross_language_checksum_max {'float': 0.0, 'double': 0.0}
R7.4.5 benchmark matrix and checksum preflight: PASS
