summary,double,brettel,0,65536,3.854084015,3.8653850555,3.9311409,4.182078362,4.191522598500001,4.223703384,0.9221911524187622
summary,double,brettel,1,65536,3.849697113,3.8632392885,3.920936584,4.221385002,4.238670826,4.355127335,0.9114270598233051
summary,double,brettel,2,65536,3.857040405,3.8632392885,3.904819489,4.221766472,4.2378702165,4.292429924,0.9115992447004658
summary,double,lookup,0,65536,8.508491516,8.5466861725,8.728790283,5.893213272,5.9195690155000005,6.99309063,1.4438020994638403
summary,double,lookup,1,65536,8.514213562,8.534240723,8.63199234,5.896366119,5.916483402,6.090882301,1.4424515617021925
summary,double,lookup,2,65536,8.51688385,8.547449111999999,8.696937561,5.89300251,5.927771568500001,5.995394707,1.4419329444847175
summary,double,lookupApply,0,65536,11.648845673,11.6661548615,11.701393127,10.299442291,10.338921070000001,10.85162735,1.1283725625250371
summary,double,lookupApply,1,65536,11.647510529,11.664867401,11.82718277,10.307430267,10.3296399115,10.393027306,1.1292617652638104
summary,double,lookupApply,2,65536,11.654186249,11.689472198499999,11.933994293,10.299385071,10.335849285,10.395071983,1.130963878842976
summary,double,prepared,0,65536,1.239871979,1.244735718,1.335716248,1.216724396,1.221282005,1.243449211,1.01920417471475
summary,double,prepared,1,65536,1.240825653,1.2506484985,1.301002502,1.214536667,1.2197585105,1.296638489,1.025324675117321
summary,double,prepared,2,65536,1.242828369,1.2568950655,1.310062408,1.215395927,1.2212829589999998,1.346763611,1.0291595868406775
summary,double,vienot,0,65536,1.098537445,1.1128425599999998,1.174449921,1.218119621,1.221253395,1.246526718,0.9112298598768684
summary,double,vienot,1,65536,1.097011566,1.112365723,1.158332825,1.219619751,1.2211294174999998,1.281122208,0.9109318857270098
summary,float,brettel,0,65536,2.393722534,2.455806732,2.481174469,2.151762962,2.2156863209999997,2.265966415,1.108372926584494
summary,float,brettel,1,65536,2.440166473,2.472639084,2.537345886,2.168596268,2.180806637,2.241669655,1.1338185798083666
summary,float,brettel,2,65536,2.439880371,2.4701595305,2.511405945,2.165999413,2.1746921539999997,2.192081451,1.1358662999526326
summary,float,lookup,0,65536,6.803894043,6.8294525145,6.899547577,4.526968956,4.5453453065,4.559765816,1.5025156625028353
summary,float,lookup,1,65536,6.807804108,6.8295001985,6.888580322,4.521303177,4.543338299,4.596831322,1.5031898901306093
summary,float,lookup,2,65536,6.808185577,6.9084167480000005,7.069683075,4.529921532,4.546996593499999,4.622749329,1.519336248871549
summary,float,lookupApply,0,65536,9.696292877,9.730911254999999,9.812068939,10.06750679,10.08520937,10.197648048,0.9648695329961205
summary,float,lookupApply,1,65536,9.699440002,9.727764129499999,9.84544754,10.067591667,10.084793091,10.122767448,0.9645972943343155
summary,float,lookupApply,2,65536,9.704494476,9.730672836,9.845924377,10.06794548,10.083580494,10.104768753,0.9650017512916182
summary,float,prepared,0,65536,1.456642151,1.4918327329999999,1.510238647,0.780397415,0.789907932,0.904166222,1.8886159672086948
summary,float,prepared,1,65536,1.498508453,1.5105724335000001,1.557350159,0.778829575,0.788350582,0.811248779,1.9161176106038573
summary,float,prepared,2,65536,1.498222351,1.5110969545000001,1.552867889,0.778113365,0.788518429,0.819646835,1.916374936748625
summary,float,vienot,0,65536,1.13992691,1.1678695675,1.213264465,0.777702332,0.789363861,0.903278351,1.4795072655346708
summary,float,vienot,1,65536,1.170444489,1.1758327485,1.184940338,0.779488564,0.7889528275,0.814822197,1.4903714233789218
cross_language_checksum_max {'float': 0.0, 'double': 0.0}
R7.4.5 benchmark matrix and checksum preflight: PASS
