summary,double,brettel,0,65536,13.484287262,13.5071754455,13.582229614,4.17288208,4.1865310665,4.257507324,3.2263406698644643
summary,double,brettel,1,65536,13.533496857,13.555431366,13.591384888,4.204680443,4.227084636500001,4.251468658,3.2068038687826728
summary,double,brettel,2,65536,13.543891907,13.571548461999999,13.598060608,4.211567879,4.236620426,4.48346138,3.203390225546724
summary,double,lookup,0,65536,175.570106506,179.8192501065,182.487010956,5.875144958,5.8926444055000005,5.989780426,30.515883486650342
summary,double,lookup,1,65536,175.585460663,179.51583862299998,182.513523102,5.881069183,5.8997578619999995,5.95908165,30.427662087498735
summary,double,lookup,2,65536,175.62122345,179.1191101075,182.376480103,5.880983353,5.9098668100000005,5.976078987,30.308485092153877
summary,double,lookupApply,0,65536,184.695053101,184.855699539,191.531562805,10.271900177,10.3087992665,10.363747597,17.931836168322388
summary,double,lookupApply,1,65536,184.765625,191.4518833165,191.712474823,10.26876545,10.315009594,10.423463821,18.560514323502236
summary,double,lookupApply,2,65536,184.722328186,184.8534584045,191.522312164,10.274794579,10.3093390465,10.354718208,17.93067989817033
summary,double,prepared,0,65536,26.511859894,26.536655426,26.731300354,1.210663795,1.2201466559999998,1.242556572,21.748742493787567
summary,double,prepared,1,65536,26.521492004,26.533699036,26.724433899,1.212249756,1.2230463025,1.272299767,21.69476248099773
summary,double,prepared,2,65536,26.514148712,26.542711257999997,26.637458801,1.209010124,1.222243309,1.249608994,21.716389087632958
summary,double,vienot,0,65536,4.373550415,4.3915748595,4.471874237,1.217141151,1.223968029,1.279857635,3.5879816755409717
summary,double,vienot,1,65536,4.372787476,4.3919563295,4.42609787,1.216339111,1.2204904555,1.241362572,3.598517554732324
summary,float,brettel,0,65536,12.846660614,12.8951072695,13.046360016,2.147781372,2.2143144605,2.230705261,5.823521229495219
summary,float,brettel,1,65536,12.875843048,12.894487381,12.973976135,2.166956902,2.1797599795,2.266782761,5.91555377760343
summary,float,brettel,2,65536,12.865543365,12.9053592685,12.971496582,2.161578178,2.1725988385,2.231421471,5.94005623118628
summary,float,lookup,0,65536,29.148674011,29.1858673095,29.327487946,4.521039009,4.544313908,4.596443176,6.422502472401825
summary,float,lookup,1,65536,29.131603241,29.182624816999997,29.320144653,4.526533127,4.540101051500001,4.637528419,6.4277478597879165
summary,float,lookup,2,65536,29.094409943,29.1615962985,29.772377014,4.518899918,4.536929131,5.036429405,6.427606748195424
summary,float,lookupApply,0,65536,42.234706879,42.270898818999996,43.77117157,10.067375183,10.0912380215,10.147031784,4.188871447580491
summary,float,lookupApply,1,65536,42.2123909,42.2924041745,42.421913147,10.068751335,10.0873494145,10.24575901,4.192618143444802
summary,float,lookupApply,2,65536,42.21124649,42.29221344,42.481803894,10.064595222,10.0833745005,10.173144341,4.194251977639318
summary,float,prepared,0,65536,15.607452393,15.633201599,15.820980072,0.776821136,0.7883009910000001,0.795604706,19.831513314690223
summary,float,prepared,1,65536,15.604400635,15.632772445499999,15.812778473,0.778483391,0.788405895,0.799044609,19.82833023527811
summary,float,prepared,2,65536,15.603637695,15.641593933,15.853309631,0.775913239,0.7870402335,0.83218956,19.8739445167132
summary,float,vienot,0,65536,3.434467316,3.4502029419999998,3.804016113,0.776190758,0.7887644764999999,0.806277275,4.374186521824174
summary,float,vienot,1,65536,3.437042236,3.4485340115,3.483200073,0.774671555,0.7861270905,0.794029236,4.38673854797019
cross_language_checksum_max {'float': 0.0, 'double': 0.0}
R7.4.5 benchmark matrix and checksum preflight: PASS
