summary,double,brettel,0,65536,3.08265686,3.092956543,3.112030029,3.57038784,3.5851306915,3.610876083,0.8627179339188673
summary,double,brettel,1,65536,3.076076508,3.090524673,3.121566772,3.568506241,3.5817203525,3.650474548,0.8628604047333983
summary,double,brettel,2,65536,3.084087372,3.093147278,3.148365021,3.57462883,3.586400986,3.680531502,0.8624655441693546
summary,double,lookup,0,65536,6.545066833,6.559085846,6.638813019,4.931212425,4.9473772045,5.002243996,1.325770317256997
summary,double,lookup,1,65536,6.536483765,6.544971466,6.610965729,4.930333138,4.9398846625,4.96612072,1.3249239432014774
summary,double,lookup,2,65536,6.488990784,6.5536022185,6.605815887,4.935109138,4.9473772045,7.428637505,1.324661926432256
summary,double,lookupApply,0,65536,9.435462952,9.471845627,9.537124634,8.34767437,8.3888783455,8.432831764,1.129095599780742
summary,double,lookupApply,1,65536,9.409999847,9.474039077499999,9.591579437,8.351037025,8.383357525000001,8.461017609,1.1301008037945988
summary,double,lookupApply,2,65536,9.360122681,9.487342834500001,9.560585022,8.353787422,8.393610954,8.47826767,1.1303052865440208
summary,double,prepared,0,65536,0.967597961,0.982761383,1.065731049,0.9301548,0.9383397099999999,0.956620216,1.0473407152298821
summary,double,prepared,1,65536,0.96540451,0.9778022765000001,1.044559479,0.934958458,0.938583374,0.961978912,1.0417852090569846
summary,double,prepared,2,65536,0.968837738,0.981235504,1.037311554,0.928473473,0.9395103455,0.949323654,1.0444116008938615
summary,double,vienot,0,65536,0.861167908,0.8702754975,0.975227356,0.937127113,0.9425849915,1.000116348,0.9232859692737851
summary,double,vienot,1,65536,0.856876373,0.8714675905,0.880336761,0.937021255,0.9429626465000001,0.94968605,0.9241803943503291
summary,float,brettel,0,65536,8.059597015,8.3549022675,9.234809875,1.778990746,1.8304133415,1.842495918,4.564489385033255
summary,float,brettel,1,65536,7.935237885,8.341360092,9.168052673,1.839115143,1.847190857,1.871970177,4.515700183546329
summary,float,brettel,2,65536,7.893371582,8.256673812999999,9.071826935,1.820508957,1.8322048185000002,1.872142792,4.506414200874998
summary,float,lookup,0,65536,4.67672348,4.688930511500001,4.83379364,3.466807365,3.4850301745000003,3.556797028,1.3454490425388426
summary,float,lookup,1,65536,4.673957825,4.693651199,4.782581329,3.464094162,3.4710617065,3.576721191,1.3522234969809228
summary,float,lookup,2,65536,4.676532745,4.696702957,4.858016968,3.464035988,3.471544266,3.53253746,1.3529146100768747
summary,float,lookupApply,0,65536,7.871341705,7.900428772,7.941818237,8.487885475,8.515912533,8.639680862,0.9277254482576072
summary,float,lookupApply,1,65536,7.884979248,7.923746109,8.542537689,8.493081093,8.503562927499999,8.519088745,0.9318148376811668
summary,float,lookupApply,2,65536,7.883167267,7.8968048095,7.944774628,8.494227409,8.520769596000001,8.617846489,0.9267713110335813
summary,float,prepared,0,65536,1.231765747,1.2383937839999999,1.25207901,0.611557961,0.623783588,0.656916618,1.9852939510168708
summary,float,prepared,1,65536,1.236343384,1.240491867,1.259231567,0.610927582,0.6201968195,0.656171799,2.000158381979577
summary,float,prepared,2,65536,1.23872757,1.242017746,1.259422302,0.610869408,0.6199479105,0.638043404,2.003422747240633
summary,float,vienot,0,65536,6.287765503,6.3218593599999995,6.403923035,0.612313271,0.619518757,0.639494896,10.204468046477565
summary,float,vienot,1,65536,6.287765503,6.296825409,6.327533722,0.611510277,0.6199684145,0.628721237,10.15668744040508
cross_language_checksum_max {'float': 0.0, 'double': 0.0}
R7.4.5 benchmark matrix and checksum preflight: PASS
