summary,double,brettel,0,65536,3.843784332,3.8517951965,3.935527802,4.179021835,4.1899852755,4.226919174,0.9192860936821209
summary,double,brettel,1,65536,3.829479218,3.852462769,3.919887543,4.209090233,4.224631309499999,4.262366295,0.911905083962452
summary,double,brettel,2,65536,3.834629059,3.8537025455,3.871917725,4.214851379,4.2276592255,4.253050804,0.9115452168556059
summary,double,lookup,0,65536,8.510684967,8.5402011875,8.612918854,5.881025314,5.9004974365,6.13634491,1.4473696971158745
summary,double,lookup,1,65536,8.515071869,8.526945114,8.584308624,5.880212784,5.904596805500001,5.981645584,1.4441197925753948
summary,double,lookup,2,65536,8.512496948,8.547306061,8.689880371,5.891325951,5.911318779,6.079791069,1.4459220320454318
summary,double,lookupApply,0,65536,11.722660065,11.736965178999998,11.781787872,10.302458763,10.336271762500001,10.454576492,1.1355124409152741
summary,double,lookupApply,1,65536,11.7146492,11.736822128,11.822795868,10.304034233,10.330711364999999,10.395309448,1.1361097714687725
summary,double,lookupApply,2,65536,11.711120605,11.738681793000001,11.836051941,10.312098503,10.341096878,10.620416641,1.1351486144543594
summary,double,prepared,0,65536,1.939582825,1.9539833065,2.036571503,1.217402458,1.2298336029999999,1.300852776,1.5888192530546754
summary,double,prepared,1,65536,1.93977356,1.946592331,2.043533325,1.213503838,1.2318253515,1.416157722,1.5802502592024306
summary,double,prepared,2,65536,1.936912537,1.9500255585000001,2.030277252,1.218816757,1.264640808,1.307387352,1.5419600143885284
summary,double,vienot,0,65536,1.11246109,1.153087616,1.237010956,1.215435028,1.2377734185,1.308591843,0.9315821448140107
summary,double,vienot,1,65536,1.105117798,1.1301040649999998,1.542758942,1.218873978,1.232465744,1.292607307,0.9169456193826673
summary,float,brettel,0,65536,2.439785004,2.4649620055000003,2.693271637,2.162939072,2.214160442,2.24007225,1.1132716305208024
summary,float,brettel,1,65536,2.455997467,2.465867996,2.47335434,2.162336349,2.1710405350000004,2.475040436,1.1358000720147767
summary,float,brettel,2,65536,2.455615997,2.4672508239999997,2.488803864,2.161676407,2.1707439425,2.188372612,1.1365922878764405
summary,float,lookup,0,65536,6.794643402,6.823825836499999,6.856060028,4.515192032,4.5458955764999995,4.897128105,1.5010960374399616
summary,float,lookup,1,65536,6.792163849,6.8195819855,6.941890717,4.518565178,4.5471282004999996,4.629150391,1.4997558205528763
summary,float,lookup,2,65536,6.805801392,6.9908618925,7.181167603,4.512411118,4.539604187,4.671668053,1.539971681346059
summary,float,lookupApply,0,65536,9.723758698,9.772825241,10.571670532,10.068369865,10.095653057,10.14312458,0.9680230873448883
summary,float,lookupApply,1,65536,9.726715088,9.751510620000001,10.006999969,10.06308651,10.1104192735,11.673537254,0.9645011108054916
summary,float,lookupApply,2,65536,9.716892242,9.7473144535,9.838485718,10.072554588,10.1028232575,10.165884972,0.9648109449270942
summary,float,prepared,0,65536,2.153873444,2.1774768829999998,2.222919464,0.778759003,0.796120167,0.814369202,2.7351108202739445
summary,float,prepared,1,65536,2.175426483,2.186203003,2.206611633,0.776667595,0.842168808,0.969717979,2.595920179223736
summary,float,prepared,2,65536,2.17628479,2.1808624265,2.207946777,0.776179314,0.792943478,0.86993885,2.750337807179745
summary,float,vienot,0,65536,1.139068604,1.1693000795000001,1.267719269,0.775788307,0.7910175325,0.812898636,1.478222708673022
summary,float,vienot,1,65536,1.159572601,1.175880432,1.203536987,0.780297279,0.7883763315,0.82687664,1.4915217327272083
cross_language_checksum_max {'float': 0.0, 'double': 0.0}
R7.4.5 benchmark matrix and checksum preflight: PASS
