summary,double,brettel,0,65536,29.075241089,29.141664505,29.597854614,4.178230286,4.353881359,4.545775414,6.693261047355058
summary,double,brettel,1,65536,29.387187958,29.439973831,29.556655884,4.198658943,4.229959011,4.299602509,6.959872129834215
summary,double,brettel,2,65536,29.22000885,29.2991161345,29.377651215,4.216726303,4.232104778,4.352773666,6.923060196148102
summary,double,lookup,0,65536,46.798992157,46.842622757,46.952724457,5.894927979,5.9349713325,5.970385551,7.892645159124701
summary,double,lookup,1,65536,46.81854248,46.884870529500006,49.57113266,5.87661171,5.9066782,6.000621796,7.9376036652039055
summary,double,lookup,2,65536,46.794033051,46.8663692475,47.277736664,5.871356964,5.908970833,6.003182411,7.931392889225995
summary,double,lookupApply,0,65536,55.780982971,55.842447281000005,56.331062317,10.296153069,10.326117992,10.380590439,5.407883904121866
summary,double,lookupApply,1,65536,55.780601501,55.838727950999996,71.080684662,10.299956322,10.3289465905,11.039069176,5.40604285846123
summary,double,lookupApply,2,65536,55.792427063,55.852508545,56.278133392,10.300271034,10.3233647345,10.36262989,5.410300806126187
summary,double,prepared,0,65536,26.518058777,26.5437602995,26.635360718,1.21248436,1.2196903225,1.278012276,21.76270468809922
summary,double,prepared,1,65536,26.532745361,26.56788826,45.924854279,1.21175766,1.221973419,1.324959755,21.74178901677075
summary,double,prepared,2,65536,26.529598236,26.576757430999997,32.526683807,1.208958626,1.2152810095,1.252096176,21.86881653152336
summary,double,vienot,0,65536,22.176265717,22.1980571745,22.366428375,1.21754837,1.225446701,1.271496773,18.11425756533168
summary,double,vienot,1,65536,22.181415558,22.2049236295,22.452926636,1.218034744,1.2265119549999999,1.261404037,18.104123273303117
summary,float,brettel,0,65536,42.505741119,42.539358139,42.742824554,2.171928406,2.2148313525,2.229797363,19.206590195223452
summary,float,brettel,1,65536,42.420482635,42.5256252285,43.218803406,2.166660309,2.1776833535,2.208465576,19.527919502232628
summary,float,brettel,2,65536,42.523765564,42.686510086,45.293998718,2.163277626,2.1775574685,2.190130234,19.602931588944195
summary,float,lookup,0,65536,29.163455963,29.199552536,29.429531097,4.532809258,4.554584503,4.577468872,6.411024434120593
summary,float,lookup,1,65536,29.162693024,29.196643829499997,29.575443268,4.530305862,4.5458188055,4.595315933,6.422746941469574
summary,float,lookup,2,65536,29.153633118,29.205513000499998,29.691028595,4.539507866,4.567952156,4.606409073,6.393568059187878
summary,float,lookupApply,0,65536,42.215251923,42.3008441925,50.60710907,10.065887451,10.089717865,10.122175217,4.192470469291957
summary,float,lookupApply,1,65536,42.241096497,42.293262481499994,42.343902588,10.063432693,10.0894980435,10.136315346,4.191810365506415
summary,float,lookupApply,2,65536,42.221069336,42.313814163,43.052482605,10.061225891,10.0805211065,10.148220062,4.197582021401226
summary,float,prepared,0,65536,15.612220764,15.6428813935,16.790962219,0.779039383,0.7913851734999999,0.825512886,19.76645749416482
summary,float,prepared,1,65536,15.61050415,15.687561035,23.411464691,0.778418541,0.7882890705000001,0.814621925,19.900771965605983
summary,float,prepared,2,65536,15.609645844,15.635538101,15.700721741,0.777472496,0.7889146805,0.797338486,19.819048228498517
summary,float,vienot,0,65536,19.342327118,19.3850517275,24.987602234,0.778514862,0.7926502230000001,0.855267525,24.45599731762139
summary,float,vienot,1,65536,19.343852997,19.3767547605,19.853687286,0.77941227,0.7891402245000001,0.815443993,24.554260648387462
cross_language_checksum_max {'float': 0.0, 'double': 0.0}
R7.4.5 benchmark matrix and checksum preflight: PASS
