summary,double,brettel,0,65536,3.853034973,3.8725376125,3.905963898,4.175749779,4.1938414575,4.203992844,0.9233867450031045
summary,double,brettel,1,65536,3.857898712,3.871536255,3.940105438,4.216518402,4.2315769195,4.279941559,0.9149157225901161
summary,double,brettel,2,65536,3.85799408,3.86428833,3.917884827,4.216643333,4.2342085835,4.268400192,0.9126353257745693
summary,double,lookup,0,65536,8.510398865,8.560609817500001,8.659172058,5.899934769,5.91856575,5.963100433,1.4463993776701731
summary,double,lookup,1,65536,8.522319794,8.542442322,8.677577972,5.896848679,5.9130778315,5.960482597,1.444669352480516
summary,double,lookup,2,65536,8.518314362,8.540916443,10.090065002,5.896858215,5.9286894795,5.99420929,1.4406078227798
summary,double,lookupApply,0,65536,11.656761169,11.6804599765,11.839389801,10.317930222,10.335907459000001,10.37393856,1.1300855800841394
summary,double,lookupApply,1,65536,11.654090881,11.667537689500001,11.703205109,10.314319611,10.3308911325,10.390076637,1.1293834713633792
summary,double,lookupApply,2,65536,11.657619476,11.6844177245,11.773014069,10.313650131,10.329988479499999,10.449534416,1.1311162396442052
summary,double,prepared,0,65536,1.240158081,1.248931885,1.339817047,1.211917877,1.2160892484999999,1.264009476,1.027006764956199
summary,double,prepared,1,65536,1.241207123,1.2611865995,1.30109787,1.211898804,1.221138477,1.276993752,1.032795725672642
summary,double,prepared,2,65536,1.2383461,1.250219345,1.306724548,1.211803436,1.2200922965,1.281847954,1.0246924339957095
summary,double,vienot,0,65536,1.090717316,1.112508774,1.1759758,1.217669487,1.2209954265,1.281428337,0.9111490099426673
summary,double,vienot,1,65536,1.094150543,1.107931137,1.128768921,1.218280792,1.2294459345,1.338544846,0.9011629595982044
summary,float,brettel,0,65536,2.406692505,2.4680137635,2.484512329,2.155563354,2.212284088,2.25453949,1.1155953147641136
summary,float,brettel,1,65536,2.447223663,2.4745464325,2.51121521,2.165987968,2.1728954314999998,2.224700928,1.138824444392045
summary,float,brettel,2,65536,2.450275421,2.4757385254999997,2.501583099,2.16649437,2.177224159,2.214611053,1.1371077779318357
summary,float,lookup,0,65536,6.836605072,6.85505867,6.8816185,4.522159576,4.53676796,4.589118004,1.5110005030982454
summary,float,lookup,1,65536,6.833934784,6.8563461305,6.952381134,4.522828102,4.533195019,4.568584442,1.5124754398967986
summary,float,lookup,2,65536,6.828975677,6.8425655365,6.884002686,4.526659012,4.54369545,4.605934143,1.505947221110517
summary,float,lookupApply,0,65536,9.704780579,9.733438492000001,9.807682037,10.065116882,10.093862056999999,10.197142601,0.9642927986369649
summary,float,lookupApply,1,65536,9.695529938,9.7337722775,9.845924377,10.068118095,10.085334301,10.226569176,0.9651412622519473
summary,float,lookupApply,2,65536,9.698486328,9.731292725,9.843826294,10.069263458,10.0798745155,10.171735764,0.9654180426587672
summary,float,prepared,0,65536,1.457500458,1.473093033,1.554775238,0.77708149,0.78922987,0.798130035,1.8664942737152106
summary,float,prepared,1,65536,1.499080658,1.5096187595,1.556491852,0.781524658,0.7895975115,0.813560486,1.9118838870606039
summary,float,prepared,2,65536,1.49307251,1.509475708,1.543521881,0.778418541,0.788594723,0.793964386,1.9141336658424484
summary,float,vienot,0,65536,1.141357422,1.1706352235000002,1.227760315,0.778141975,0.7884602545,0.816465378,1.4847105061019916
summary,float,vienot,1,65536,1.170158386,1.174688339,1.18598938,0.778342247,0.787858963,0.790581703,1.4909881008740902
cross_language_checksum_max {'float': 0.0, 'double': 0.0}
R7.4.5 benchmark matrix and checksum preflight: PASS
