summary,double,brettel,0,65536,28.883075714,28.918838501,29.263877869,4.193050385,4.225739956,4.362971306,6.843496950146925
summary,double,brettel,1,65536,29.301643372,29.407119751,29.690742493,4.222667694,4.2454719545,4.316208839,6.9267021584796575
summary,double,brettel,2,65536,29.148864746,29.189538955499998,29.292011261,4.235910416,4.2546076775,4.379707336,6.860688732797972
summary,double,lookup,0,65536,49.959850311,50.0853061675,59.381866455,5.890620232,5.9152908325,5.968205452,8.4670910671576
summary,double,lookup,1,65536,49.973869324,50.08559227,50.316905975,5.901045799,5.911406994,5.980474472,8.47270240753787
summary,double,lookup,2,65536,49.922370911,49.997186660500006,50.468063354,5.902141571,5.9306173325,6.000536919,8.430351151896717
summary,double,lookupApply,0,65536,73.120594025,73.209953308,73.532772064,10.291379929,10.3223228455,10.390460968,7.092391354521115
summary,double,lookupApply,1,65536,73.095417023,73.2434272765,75.156402588,10.278308868,10.334184646499999,10.413496971,7.087489703535172
summary,double,lookupApply,2,65536,73.073291779,73.195505142,88.268661499,10.287195206,10.321900368,10.427667618,7.091281889226622
summary,double,prepared,0,65536,24.350738525,24.417924881,24.486541748,1.213216782,1.225851059,1.281205177,19.919161224136936
summary,double,prepared,1,65536,24.353218079,24.3920326235,24.478626251,1.213283539,1.2366566655,1.301958084,19.724175111802687
summary,double,prepared,2,65536,24.354362488,24.4009017945,25.859165192,1.21495533,1.2551994325,1.360645294,19.43986044185851
summary,double,vienot,0,65536,22.487449646,22.5331783295,22.968673706,1.222370148,1.2352571490000002,1.28575325,18.24169028104123
summary,double,vienot,1,65536,22.512245178,22.540855408,22.607326508,1.222014427,1.235640526,1.34641552,18.242243543896194
summary,float,brettel,0,65536,42.670726776,42.791557311999995,44.490909576,2.155549049,2.2203297615,2.309967041,19.27261348921931
summary,float,brettel,1,65536,42.609977722,42.658710479999996,42.736339569,2.169755936,2.184817314,2.209752083,19.525069765169388
summary,float,brettel,2,65536,42.639446259,42.79255867,49.715995789,2.17000103,2.180694103,2.216870308,19.623366070064527
summary,float,lookup,0,65536,32.045173645,32.1194648745,33.267402649,4.523431778,4.551946163,4.647937775,7.056204911995572
summary,float,lookup,1,65536,32.028102875,32.1022510525,32.939624786,4.537552834,4.568238258,4.610856056,7.027271617517284
summary,float,lookup,2,65536,32.00969696,32.091426849499996,32.283306122,4.528811455,4.540643692,4.666063309,7.067594162043754
summary,float,lookupApply,0,65536,45.541191101,45.732831955,52.612686157,10.067790031,10.110241413,10.307394028,4.523416413795578
summary,float,lookupApply,1,65536,45.546627045,45.7327842715,48.644161224,10.084816933,10.106157303,11.120649338,4.525239702920939
summary,float,lookupApply,2,65536,45.536994934,45.801019668500004,52.630710602,10.079141617,10.0978446005,10.15704155,4.535722372498398
summary,float,prepared,0,65536,13.423919678,13.461685181,13.570594788,0.778717041,0.7949643135,0.816745758,16.93369746590518
summary,float,prepared,1,65536,13.425540924,13.46912384,13.896942139,0.782518387,0.79248476,0.808506966,16.99606670038677
summary,float,prepared,2,65536,13.429450989,13.4699344635,14.955997467,0.778516769,0.7927422525000001,0.815357208,16.991568723656492
summary,float,vienot,0,65536,19.362068176,19.3969249725,19.497966766,0.781104088,0.799153805,0.808031082,24.27182959167666
summary,float,vienot,1,65536,19.359874725,19.403362274499997,19.894123077,0.781679153,0.792930126,0.803519249,24.47045664966953
cross_language_checksum_max {'float': 0.0, 'double': 0.0}
R7.4.5 benchmark matrix and checksum preflight: PASS
