summary,double,brettel,0,65536,3.818321228,3.8274765009999996,3.858470917,4.178429604,4.1915574074999995,4.224682808,0.9131394679580086
summary,double,brettel,1,65536,3.810405731,3.837966919,3.936290741,4.202402115,4.222872257500001,4.266447067,0.9088522420216731
summary,double,brettel,2,65536,3.817939758,3.8319587705,3.914928436,4.214871407,4.2271671295,4.314448357,0.906507515105809
summary,double,lookup,0,65536,8.514595032,8.559894562,8.645915985,5.880099297,5.893031597,5.960032463,1.452545166456877
summary,double,lookup,1,65536,8.515167236,8.551931381500001,9.620475769,5.879200935,5.896704197,5.981663704,1.450290042673477
summary,double,lookup,2,65536,8.518314362,8.538246155,8.73632431,5.885287285,5.9120211605,6.001710892,1.4442177934082174
summary,double,lookupApply,0,65536,11.717033386,11.744689941499999,11.838817596,10.290218353,10.3068628315,10.36167717,1.1395019157144197
summary,double,lookupApply,1,65536,11.720180511,11.7607593535,12.599086761,10.288011551,10.311826229000001,10.493865013,1.1405117864016323
summary,double,lookupApply,2,65536,11.719894409,11.75494194,12.275505066,10.281620026,10.314482212,10.445968628,1.1396540997786735
summary,double,prepared,0,65536,1.948261261,1.956558228,2.09312439,1.213131905,1.229221344,1.328006744,1.5917053812563802
summary,double,prepared,1,65536,1.94940567,1.9600868225,2.030467987,1.21416378,1.2362489700000001,1.349305153,1.58551138974862
summary,double,prepared,2,65536,1.947879791,1.9620418545,2.081298828,1.214125633,1.2739138605,1.47614193,1.5401683860554871
summary,double,vienot,0,65536,1.114463806,1.156425476,1.304149628,1.216170311,1.2358522415,1.301158905,0.9357311798022093
summary,double,vienot,1,65536,1.108169556,1.148223877,1.353740692,1.221969604,1.233654976,1.444401741,0.9307496012564213
summary,float,brettel,0,65536,10.061073303,10.1036548615,10.278892517,2.154960632,2.209698677,2.249206543,4.572412956873034
summary,float,brettel,1,65536,10.108280182,10.137891769500001,10.189533234,2.162144661,2.171136379,2.248585701,4.669394270925254
summary,float,brettel,2,65536,10.049343109,10.080575943,10.133552551,2.159126282,2.1682457925,2.223820686,4.649185059124241
summary,float,lookup,0,65536,6.961631775,6.9875240325,7.039260864,4.521326065,4.5497226715,4.583402634,1.5358131774208297
summary,float,lookup,1,65536,6.96182251,6.9787979125,7.203292847,4.523256302,4.5399188995,4.620789528,1.5372076169176951
summary,float,lookup,2,65536,6.796455383,6.9053649905,7.222175598,4.513968468,4.538357258,4.640004158,1.5215560604726637
summary,float,lookupApply,0,65536,9.736919403,9.76934433,9.91601944,10.063822746,10.084282875,10.191461563,0.9687693662599681
summary,float,lookupApply,1,65536,9.734916687,9.788465500000001,10.812664032,10.072278023,10.090178489500001,10.160810471,0.970098349616514
summary,float,lookupApply,2,65536,9.735298157,9.7536563875,9.817409515,10.068523407,10.0896143915,10.155527115,0.9667025922930188
summary,float,prepared,0,65536,2.09980011,2.172040939,2.259349823,0.776667595,0.788227558,0.832800865,2.755601370384972
summary,float,prepared,1,65536,2.167987823,2.1717071535,2.384757996,0.780919075,0.802034378,0.850132942,2.707748212633349
summary,float,prepared,2,65536,2.167797089,2.1699905395,2.25315094,0.780527115,0.7897810935,0.805139542,2.7475848147788056
summary,float,vienot,0,65536,6.864261627,6.9825172425,7.111740112,0.775137901,0.7864036560000001,0.807271004,8.879049822855858
summary,float,vienot,1,65536,6.861686707,6.8779468535,6.959533691,0.775988579,0.7885150910000001,0.803524971,8.722657222422137
cross_language_checksum_max {'float': 0.0, 'double': 0.0}
R7.4.5 benchmark matrix and checksum preflight: PASS
