summary,double,brettel,0,65536,29.149055481,29.236125946,29.66299057,4.193935394,4.2307252885,4.402217865,6.910428815945561
summary,double,brettel,1,65536,29.269218445,29.383993149,29.483985901,4.220219612,4.238564968,4.296991348,6.932533385907981
summary,double,brettel,2,65536,29.162788391,29.2127609255,29.604053497,4.231876373,4.2542729375,4.311227798,6.866687059026993
summary,double,lookup,0,65536,30.391597748,30.443763732500003,30.519104004,5.890408516,5.926085949,6.007348061,5.137246404203308
summary,double,lookup,1,65536,30.403804779,30.466127395500003,31.22549057,5.890217781,5.9195981025,5.995080948,5.146654699857642
summary,double,lookup,2,65536,30.394935608,30.462265014499998,30.631923676,5.890170097,5.9243612290000005,6.081530571,5.141864892604103
summary,double,lookupApply,0,65536,54.342842102,54.422712325999996,54.626464844,10.308354378,10.3415174485,10.397861481,5.2625461009006775
summary,double,lookupApply,1,65536,54.375076294,54.454612732,54.76732254,10.31944561,10.351879597,10.399055481,5.260359939636574
summary,double,lookupApply,2,65536,54.364395142,54.480743408,56.416320801,10.32134819,10.3417515755,10.450785637,5.268038301854682
summary,double,prepared,0,65536,24.350166321,24.378633499000003,24.430751801,1.21770668,1.2298030855,1.370782852,19.82320079241662
summary,double,prepared,1,65536,24.35541153,24.3876457215,24.459552765,1.215088844,1.2258143425,1.381809235,19.895056597039286
summary,double,prepared,2,65536,24.351119995,24.374389648,24.470806122,1.215949059,1.2257709504999998,1.285038948,19.884946398882704
summary,double,vienot,0,65536,22.507858276,22.5307941435,22.741699219,1.221385956,1.23876524,1.361858368,18.188106524122357
summary,double,vienot,1,65536,22.479534149,22.511196136499997,22.659015656,1.22265625,1.238875389,1.27337265,18.170670219440446
summary,float,brettel,0,65536,42.653179169,42.7211761475,42.878627777,2.164652824,2.215961933,2.244129181,19.278840268552575
summary,float,brettel,1,65536,42.623329163,42.850494384499996,43.738365173,2.173644066,2.1846699715,2.265971184,19.61417282404387
summary,float,brettel,2,65536,42.586040497,42.753982543999996,43.387889862,2.167529106,2.1790280345,2.187746048,19.62066658486582
summary,float,lookup,0,65536,29.010391235,29.040050506500002,29.241752625,4.527288437,4.542791367,4.776809692,6.392556505556113
summary,float,lookup,1,65536,29.005432129,29.0515422825,29.285240173,4.535820961,4.557882786,4.632448196,6.373911670509554
summary,float,lookup,2,65536,29.001808167,29.0389060975,29.2927742,4.534646034,4.5530529025,5.272945404,6.377897801616856
summary,float,lookupApply,0,65536,39.488506317,39.582967757999995,39.743614197,10.081458092,10.109725952,10.308553696,3.915335385542209
summary,float,lookupApply,1,65536,39.49842453,39.5593166355,39.684581757,10.077655792,10.095785141,10.310196877,3.9183992213587855
summary,float,lookupApply,2,65536,39.497566223,39.5888328555,39.733219147,10.076403618,10.09587574,10.183521271,3.9212876500300506
summary,float,prepared,0,65536,13.440608978,13.4590148925,13.591003418,0.77937603,0.7984328270000001,0.815664291,16.85679049929644
summary,float,prepared,1,65536,13.423728943,13.4483337405,13.606262207,0.782060623,0.7914671895000001,0.859510422,16.99165034117943
summary,float,prepared,2,65536,13.425540924,13.452625274999999,15.307998657,0.777541161,0.7913241385,0.823212624,17.000145225571174
summary,float,vienot,0,65536,19.368553162,19.413471222,19.627857208,0.776499748,0.7984519004999999,0.844425201,24.31388942758237
summary,float,vienot,1,65536,19.356632233,19.385480881,19.699192047,0.77823925,0.7901773455000001,0.815234184,24.53307601312394
cross_language_checksum_max {'float': 0.0, 'double': 0.0}
R7.4.5 benchmark matrix and checksum preflight: PASS
