summary,double,brettel,0,65536,13.69934082,15.748119354,16.497325897,4.489406586,4.5075535774999995,4.559396744,3.4937176193775374
summary,double,brettel,1,65536,13.774776459,14.2474651335,17.189693451,4.495518684,4.5214505195,4.566025734,3.151082837698629
summary,double,brettel,2,65536,14.559268951,15.039205551,16.64056778,4.505977631,4.520710468500001,4.54956913,3.326734958098323
summary,double,lookup,0,65536,10.280418396,10.294055938500001,10.353469849,6.268759727,6.288363457,6.570011139,1.6370007886616345
summary,double,lookup,1,65536,10.289287567,10.3239536285,12.362384796,6.270642281,6.2906603815,6.326314926,1.6411557773586667
summary,double,lookup,2,65536,10.28137207,10.303735733,10.434055328,6.271109581,6.2873897555,6.442341805,1.6387938609955959
summary,double,lookupApply,0,65536,10.202884674,10.232925415,10.281467438,10.437058449,10.466112614,10.570935249,0.9777197888461399
summary,double,lookupApply,1,65536,10.21194458,10.233306885,11.065101624,10.444201469,10.461523056,10.639446259,0.978185186824292
summary,double,lookupApply,2,65536,10.210037231,10.229063034,11.140918732,10.443532944,10.4633140565,10.558127403,0.9776121579420165
summary,double,prepared,0,65536,1.205825806,1.2106895445,1.270961761,1.184997559,1.188937187,1.224892616,1.0182956322149255
summary,double,prepared,1,65536,1.205158234,1.213788986,1.226806641,1.185445786,1.1917495725,1.398111343,1.0184933261220028
summary,double,prepared,2,65536,1.206684113,1.2173652645000002,1.297092438,1.185483932,1.1891717910000001,1.272992134,1.0237084950327417
summary,double,vienot,0,65536,0.872516632,0.8885383605,0.964641571,1.184910774,1.187074661,1.212714195,0.7485109316978336
summary,double,vienot,1,65536,0.880336761,0.997591019,1.626205444,1.18481636,1.1897826194999999,1.1972332,0.838464945318526
summary,float,brettel,0,65536,12.750816345,12.971687317,13.821125031,2.26037693,2.3205575940000003,2.364406586,5.589901043843689
summary,float,brettel,1,65536,11.114120483,13.754415512,15.044498444,2.320385933,2.3323106764999997,2.35675621,5.897334197620992
summary,float,brettel,2,65536,10.741424561,10.8897209165,12.31918335,2.3145895,2.3242974280000004,2.346823692,4.685166702555073
summary,float,lookup,0,65536,9.556770325,9.5719814305,9.701156616,4.414420128,4.4247312545,4.491928101,2.1632910294303613
summary,float,lookup,1,65536,9.553813934,9.5737934115,9.614658356,4.414343834,4.426373005,4.507496834,2.1628980207238544
summary,float,lookup,2,65536,9.55619812,9.569644927999999,9.627342224,4.415174484,4.427310467,4.445605278,2.1615030161832105
summary,float,lookupApply,0,65536,10.064125061,10.106229782,10.173130035,10.403199196,10.4276738165,10.657211304,0.9691739461593658
summary,float,lookupApply,1,65536,10.067939758,10.115718841500001,10.151863098,10.408786774,10.4273252485,10.509217262,0.9701163625787136
summary,float,lookupApply,2,65536,10.059070587,10.119581222499999,10.160923004,10.407362938,10.429498195499999,10.472520828,0.9702845748481246
summary,float,prepared,0,65536,1.581668854,1.5920162205000001,1.745605469,0.773468971,0.7840366365,0.803964615,2.0305380468021026
summary,float,prepared,1,65536,1.581192017,1.590871811,1.603221893,0.773545265,0.785808563,0.835359573,2.024503022627408
summary,float,prepared,2,65536,1.581001282,1.5912532805000001,1.60446167,0.773993492,0.7848725320000001,0.839447975,2.027403451672838
summary,float,vienot,0,65536,8.150482178,8.1685066225,8.1990242,0.773391724,0.786400795,0.808616638,10.387205448463465
summary,float,vienot,1,65536,8.156585693,8.179616928000002,8.238220215,0.772800446,0.7855119705,0.798693657,10.413102836349458
cross_language_checksum_max {'float': 0.0, 'double': 0.0}
R7.4.5 benchmark matrix and checksum preflight: PASS
