summary,double,brettel,0,65536,20.969390869,20.9850788115,21.2225914,4.16467762,4.1938323975,4.22269249,5.003795293300106
summary,double,brettel,1,65536,20.990657806,21.044540405,21.088027954,4.201854706,4.214165688,4.232247353,4.993761983522656
summary,double,brettel,2,65536,21.003055573,21.033239364499998,21.094894409,4.210987091,4.2209386825,4.23739624,4.983071526649688
summary,double,lookup,0,65536,46.746826172,46.833610534499996,47.097492218,5.876314163,5.8959054945,5.953276634,7.943412691772072
summary,double,lookup,1,65536,46.803855896,46.84882164,46.994781494,5.87715435,5.8956861494999995,5.953103065,7.946288260947056
summary,double,lookup,2,65536,46.783161163,46.859931946,47.306442261,5.875283241,5.9022932054999995,5.996396065,7.939275517918017
summary,double,lookupApply,0,65536,55.726337433,55.7826042175,56.002044678,10.285713196,10.311093806999999,10.43810463,5.409959919056336
summary,double,lookupApply,1,65536,55.74760437,55.832529068,56.079483032,10.28501606,10.312871933,10.525837898,5.413868166959618
summary,double,lookupApply,2,65536,55.759239197,55.808353424,56.035709381,10.28923893,10.323875427,10.387905121,5.405756183191109
summary,double,prepared,0,65536,26.509284973,26.53594017,26.633548737,1.210893631,1.220691681,1.246407509,21.738445983560368
summary,double,prepared,1,65536,26.52053833,26.5405654905,26.649951935,1.210692406,1.2208013535000002,1.235286713,21.74028183570489
summary,double,prepared,2,65536,26.51052475,26.5324115755,26.608943939,1.214027405,1.219263077,1.277947426,21.761022765310887
summary,double,vienot,0,65536,4.061698914,4.075622559,4.119110107,1.216540337,1.2198896405,1.230556488,3.340976448762621
summary,double,vienot,1,65536,4.071140289,4.0805339815,4.170894623,1.213521004,1.224012375,1.248280525,3.3337358876784235
summary,float,brettel,0,65536,15.808963776,15.847396851,16.033935547,2.156926155,2.2113733289999997,2.229282379,7.166314544530713
summary,float,brettel,1,65536,15.856933594,15.887308121,16.054439545,2.174056053,2.1843137745,2.201525688,7.273363518772243
summary,float,brettel,2,65536,15.872573853,15.899419784500001,15.989112854,2.162219048,2.1692996025,2.182579041,7.329287188444041
summary,float,lookup,0,65536,163.271808624,163.364458084,164.91355896,4.518118858,4.531934738,4.608579636,36.04739863400919
summary,float,lookup,1,65536,163.279151917,163.383436203,163.912010193,4.515128136,4.532277107,4.599352837,36.04886293264328
summary,float,lookup,2,65536,163.298892975,163.4195804595,164.419555664,4.520154953,4.5357933045,4.603077888,36.028886126131454
summary,float,lookupApply,0,65536,171.970176697,174.044036865,174.611759186,10.078351974,10.101700783,10.181731224,17.229181560979917
summary,float,lookupApply,1,65536,172.465515137,174.104261398,174.308490753,10.069465637,10.091138362999999,10.190260887,17.253183450181183
summary,float,lookupApply,2,65536,171.850299835,174.097156525,174.590110779,10.066337585,10.0882987975,10.291140556,17.25733545562145
summary,float,prepared,0,65536,15.605068207,15.629005432,15.911102295,0.777701378,0.7879719730000001,0.820915222,19.83446869626161
summary,float,prepared,1,65536,15.598487854,15.625286102,15.913963318,0.779573441,0.788277626,0.800813675,19.822059622937974
summary,float,prepared,2,65536,15.612411499,15.637302399,15.69185257,0.779582977,0.7863998415,0.838066101,19.884671351373868
summary,float,vienot,0,65536,3.75328064,3.7571907045,3.879737854,0.776525497,0.7857313155,0.837655067,4.781775436949605
summary,float,vienot,1,65536,3.75213623,3.756380081,3.864860535,0.776019096,0.786643505,0.802102089,4.775200020242969
cross_language_checksum_max {'float': 0.0, 'double': 0.0}
R7.4.5 benchmark matrix and checksum preflight: PASS
