summary,double,brettel,0,65536,3.055286407,3.0930519105,3.128051758,3.565601349,3.5879335405,3.617093086,0.8620705694757559
summary,double,brettel,1,65536,3.082561493,3.08675766,3.123188019,3.565534592,3.5907316209999998,3.625899315,0.8596458844062409
summary,double,brettel,2,65536,3.083515167,3.086042404,3.10792923,3.573672295,3.5970830915,3.6577034,0.8579291402226426
summary,double,lookup,0,65536,6.521320343,6.531095505,6.689548492,4.927819252,4.9451708795,5.003619194,1.32070168334817
summary,double,lookup,1,65536,6.521129608,6.532001495499999,6.712150574,4.929452896,4.944348335,4.99263382,1.3211046335998087
summary,double,lookup,2,65536,6.478977203,6.5297603605,11.015415192,4.928222656,4.9439811705,4.998860359,1.320749439634218
summary,double,lookupApply,0,65536,9.365463257,9.490251541,9.887504578,8.366604805,8.387477398,8.445207596,1.131478642584832
summary,double,lookupApply,1,65536,9.421062469,9.4724178315,9.495830536,8.360826492,8.372937679,8.40557003,1.1313135478432599
summary,double,lookupApply,2,65536,9.381961823,9.477138519499999,13.701725006,8.36686039,8.3801803585,8.426662445,1.1308991112449454
summary,double,prepared,0,65536,0.968170166,0.9747505185,1.062202454,0.934977531,0.9379291535000001,1.003268242,1.0392581517085768
summary,double,prepared,1,65536,0.966262817,0.971364975,1.053714752,0.934203148,0.93750906,0.948263168,1.0361126270075725
summary,double,prepared,2,65536,0.969219208,0.972175598,1.061058044,0.934108734,0.936501026,1.004184723,1.0380934681431946
summary,double,vienot,0,65536,0.863838196,0.866603851,0.919532776,0.933964729,0.938501835,0.948052406,0.9233906836207731
summary,double,vienot,1,65536,0.856113434,0.870800018,0.908088684,0.934041023,0.9386548994999999,0.946630478,0.9277105126323373
summary,float,brettel,0,65536,7.663345337,8.1479549405,9.123039246,1.794950485,1.8379397395,1.876106262,4.433200265160272
summary,float,brettel,1,65536,8.184719086,8.483886718499999,9.264659882,1.834464073,1.8412442205,1.85597229,4.607692246385519
summary,float,brettel,2,65536,7.712554932,8.205986023,9.061717987,1.82285881,1.8353652955,1.860174179,4.471036933693617
summary,float,lookup,0,65536,4.733753204,4.74114418,4.802322388,3.463615417,3.4763474465,3.521982193,1.3638292066500435
summary,float,lookup,1,65536,4.730701447,4.7512054445,4.802131653,3.462690353,3.4765629770000004,3.564370155,1.366638681920244
summary,float,lookup,2,65536,4.714679718,4.7286510465,4.801464081,3.462124825,3.4731192589999997,3.52790451,1.3614997625683316
summary,float,lookupApply,0,65536,7.896327972,7.915830612000001,7.976531982,8.487041473,8.506769180500001,8.570356369,0.9305331370863331
summary,float,lookupApply,1,65536,7.901954651,7.9312324525,8.070373535,8.492294312,8.503461837500002,8.604492188,0.9327063029228299
summary,float,lookupApply,2,65536,7.894039154,7.931137085,8.019542694,8.490326881,8.50879097,8.583013535,0.9321109324419096
summary,float,prepared,0,65536,1.233673096,1.2409210205,1.298809052,0.610621452,0.619934082,0.646533966,2.0016983362111715
summary,float,prepared,1,65536,1.238155365,1.2435913085,1.295375824,0.611395836,0.6191267970000001,0.623945236,2.0086213591882376
summary,float,prepared,2,65536,1.238250732,1.240491867,1.264762878,0.610573769,0.619542599,0.64043045,2.0022704960115263
summary,float,vienot,0,65536,6.290435791,6.3171386715,6.405353546,0.611662865,0.6197862625,0.629189491,10.192447063958602
summary,float,vienot,1,65536,6.280612946,6.292247772,6.316757202,0.611462593,0.6191601755,0.632398605,10.162552471852253
cross_language_checksum_max {'float': 0.0, 'double': 0.0}
R7.4.5 benchmark matrix and checksum preflight: PASS
