summary,double,brettel,0,65536,29.109954834,29.156875610500002,29.222202301,4.172512054,4.188301086,4.220934868,6.961504202255435
summary,double,brettel,1,65536,29.32882309,29.402732849499998,30.149269104,4.201710701,4.226992607,4.284186363,6.955946126049139
summary,double,brettel,2,65536,29.29391861,29.361581802499998,29.419612885,4.213797569,4.243430614499999,4.315075874,6.919302910755771
summary,double,lookup,0,65536,45.538234711,45.600557327000004,45.695209503,5.882837296,5.9047756195000005,5.959810257,7.722657094099933
summary,double,lookup,1,65536,45.534420013,45.58467865,47.682571411,5.880430222,5.904230117999999,6.523386955,7.720681230060418
summary,double,lookup,2,65536,45.529174805,45.573377609,45.729923248,5.899128914,5.9363632205000005,6.027532578,7.67698604620785
summary,double,lookupApply,0,65536,72.281455994,72.378396988,73.619937897,10.275401115,10.334239006,10.488688469,7.0037471502234
summary,double,lookupApply,1,65536,72.283649445,72.346448898,73.480796814,10.276031494,10.346359253,10.391155243,6.992454749434942
summary,double,lookupApply,2,65536,72.265434265,72.3707199095,72.811698914,10.284238815,10.351480007500001,10.405726433,6.991340354912045
summary,double,prepared,0,65536,26.49641037,26.5362262725,26.663398743,1.212332726,1.2175822260000002,1.250340462,21.794196486981235
summary,double,prepared,1,65536,26.515960693,26.5570640565,26.712799072,1.212791443,1.223352909,1.393965721,21.7084243321156
summary,double,prepared,2,65536,26.52015686,26.5451431275,26.637935638,1.20831871,1.2146062855,1.246900558,21.854936405645667
summary,double,vienot,0,65536,22.173881531,22.194004059,23.538780212,1.219841957,1.2299609185,1.264443398,18.044479076674012
summary,double,vienot,1,65536,22.469329834,22.5014209745,22.906684875,1.216373444,1.223564148,1.250063896,18.39006235290575
summary,float,brettel,0,65536,42.385387421,42.441082001,42.648983002,2.145748138,2.2095866205,2.226311684,19.207702294737892
summary,float,brettel,1,65536,42.413043976,42.5378322605,43.00737381,2.163757324,2.219786167,2.272583961,19.16303150856602
summary,float,brettel,2,65536,42.572975159,42.705488204999995,42.936229706,2.16131115,2.166695595,2.230000496,19.709962167066664
summary,float,lookup,0,65536,29.336738586,29.36835289,30.892562866,4.522629738,4.543382168000001,4.586492538,6.46398471536194
summary,float,lookup,1,65536,29.327774048,29.379367828,29.448127747,4.513171196,4.541604519,4.645242691,6.468940152118075
summary,float,lookup,2,65536,29.345417023,29.382848739499998,29.684638977,4.524245262,4.5423784255,4.579116821,6.46860432731685
summary,float,lookupApply,0,65536,44.612312317,44.666337967000004,45.152187347,10.070264816,10.086359024,10.183065414,4.428390647281009
summary,float,lookupApply,1,65536,44.614028931,44.649934769,44.916439056,10.060862541,10.0793561935,10.103486061,4.429839953249589
summary,float,lookupApply,2,65536,44.617557526,44.6793556215,44.757270813,10.059696198,10.073336124499999,10.139278412,4.435407998828959
summary,float,prepared,0,65536,15.607643127,15.6242370605,15.681648254,0.777532578,0.7897286415,0.82133007,19.784311014506873
summary,float,prepared,1,65536,15.610313416,15.632867813,15.792942047,0.776910782,0.786728859,0.799173355,19.870718652511005
summary,float,prepared,2,65536,15.605163574,15.6289100645,15.799617767,0.776366234,0.7868146895,0.870957375,19.863520944724304
summary,float,vienot,0,65536,19.659996033,19.676685333,19.779491425,0.776433945,0.7870817185,0.81287384,24.999545625960316
summary,float,vienot,1,65536,19.338989258,19.3668365475,19.542312622,0.776118279,0.7874307635,0.817403793,24.594970688492793
cross_language_checksum_max {'float': 0.0, 'double': 0.0}
R7.4.5 benchmark matrix and checksum preflight: PASS
