summary,double,brettel,0,65536,15.851593018,16.48645401,16.537284851,4.173380852,4.20086813,4.230687141,3.924535000816605
summary,double,brettel,1,65536,16.795539856,16.820526123,16.880893707,4.205091476,4.2302532195,4.294826508,3.9762456879562693
summary,double,brettel,2,65536,16.646766663,16.683340073,16.718864441,4.209668159,4.236959934,4.311012268,3.9375732442316744
summary,double,lookup,0,65536,8.540821075,8.568096161,8.672618866,5.888008118,5.905998707,6.002048492,1.4507446726740367
summary,double,lookup,1,65536,8.546829224,8.5641384125,8.689880371,5.878470421,5.9099493025,5.960593224,1.4491052247905472
summary,double,lookup,2,65536,8.531761169,8.563089371,8.810901642,5.886679649,5.9096245765,5.979722023,1.4490073371245398
summary,double,lookupApply,0,65536,11.622333527,11.639261245499998,11.801052094,10.296372414,10.347293854,10.416231155,1.1248604137206906
summary,double,lookupApply,1,65536,11.629009247,11.6440296175,11.695957184,10.306079865,10.3395524025,10.396967888,1.1261637993811597
summary,double,lookupApply,2,65536,11.604595184,11.6322517395,11.689758301,10.307332039,10.341705322,10.536611557,1.1247904844817624
summary,double,prepared,0,65536,1.926898956,1.949453354,1.972389221,1.213024139,1.2285356525,1.272988319,1.586810565922913
summary,double,prepared,1,65536,1.92232132,1.9424438474999999,1.967430115,1.212908745,1.2223248485,1.264780998,1.5891388037179381
summary,double,prepared,2,65536,1.917266846,1.937198639,1.996612549,1.219348907,1.2308807370000001,1.307986259,1.5738313069400158
summary,double,vienot,0,65536,0.925254822,0.9958744049999999,1.103305817,1.221680641,1.2262568475,1.28304863,0.8121254588957555
summary,double,vienot,1,65536,0.923442841,0.9634017939999999,1.165485382,1.221039772,1.2328348155,1.257710457,0.7814524556635544
summary,float,brettel,0,65536,13.313674927,13.338804244999999,13.424301147,2.160698891,2.2123270035,2.240431786,6.029309511612621
summary,float,brettel,1,65536,14.167308807,14.2033576965,14.299297333,2.163060188,2.173459053,2.21746254,6.534909262217418
summary,float,brettel,2,65536,13.960456848,13.980913162,14.026832581,2.164444923,2.1808829305,2.215504646,6.410666508722073
summary,float,lookup,0,65536,7.037734985,7.062482834,7.242202759,4.522990227,4.5441532135,4.653150558,1.5541911775814292
summary,float,lookup,1,65536,7.04164505,7.0601463315,7.148456573,4.517305374,4.538965225,4.587006569,1.555452835948969
summary,float,lookup,2,65536,6.81180954,7.0443153380000005,8.195209503,4.517582893,4.5343976025,4.603886604,1.5535283747759965
summary,float,lookupApply,0,65536,9.736824036,9.7671031955,10.527324677,10.059808731,10.0774240495,10.23869133,0.9692063316502598
summary,float,lookupApply,1,65536,9.722995758,9.75522995,9.83171463,10.062124252,10.0781645775,10.282017708,0.9679570000056391
summary,float,lookupApply,2,65536,9.731960297,9.7633361815,9.842586517,10.062129974,10.074202061000001,10.133358955,0.9691423819357914
summary,float,prepared,0,65536,2.156066895,2.178812027,2.459526062,0.77793026,0.7962265015000001,0.809602737,2.736422390984684
summary,float,prepared,1,65536,2.178287506,2.189731598,2.222156525,0.777490616,0.7944402694999999,0.836250305,2.756319992915465
summary,float,prepared,2,65536,2.17666626,2.186870575,2.220535278,0.777614594,0.7890939715,0.808953285,2.7713690054467737
summary,float,vienot,0,65536,6.871032715,6.9877147675,7.146930695,0.776544571,0.7944254875,0.824307442,8.795934769779148
summary,float,vienot,1,65536,6.864833832,6.8758010865,6.935882568,0.776659012,0.7873840329999999,0.806401253,8.73246192242763
cross_language_checksum_max {'float': 0.0, 'double': 0.0}
R7.4.5 benchmark matrix and checksum preflight: PASS
