summary,double,brettel,0,65536,15.776824951,15.805721283,15.833187103,4.181519508,4.199447632,5.205429077,3.7637619677787186
summary,double,brettel,1,65536,16.789340973,16.8224811555,17.279624939,4.211482048,4.225751877,4.255423546,3.980943899489629
summary,double,brettel,2,65536,16.657924652,16.694736481,16.747665405,4.221418381,4.236964226,4.259894371,3.9402590134118354
summary,double,lookup,0,65536,9.516143799,9.535789489999999,9.605026245,5.88612175,5.9038939475,6.709292412,1.6151695092758098
summary,double,lookup,1,65536,9.516143799,9.543848037499998,9.641933441,5.878497124,5.9063014984999995,5.974721909,1.615875525474582
summary,double,lookup,2,65536,9.445095062,9.541845322,10.702896118,5.888453484,5.9064068795,5.995445251,1.615507620228113
summary,double,lookupApply,0,65536,10.441207886,10.500431060499999,10.659599304,10.289153099,10.334374428,10.435939789,1.0160683777868629
summary,double,lookupApply,1,65536,10.449409485,10.503387451,10.881519318,10.291092873,10.329827308999999,10.396927834,1.016801843516666
summary,double,lookupApply,2,65536,10.470867157,10.520076752,14.087772369,10.297485352,10.323979855000001,10.510990143,1.0189943122472316
summary,double,prepared,0,65536,1.942062378,1.957988739,2.005290985,1.212039948,1.2184791565,1.28530407,1.606911967722281
summary,double,prepared,1,65536,1.941299438,1.9550800325,1.97353363,1.214256287,1.2244124410000001,1.28313446,1.596749564961338
summary,double,prepared,2,65536,1.93901062,1.946735382,1.993083954,1.212048531,1.224345684,1.290663719,1.590021027100709
summary,double,vienot,0,65536,0.925827026,0.938081741,1.107501984,1.219539642,1.2289886475,1.271277428,0.7632956926886503
summary,double,vienot,1,65536,0.925254822,0.936603546,1.027488708,1.221201897,1.2250332830000001,1.271477699,0.7645535505013702
summary,float,brettel,0,65536,13.131809235,13.196372986,13.352680206,2.155366898,2.2089681625,2.226423264,5.9739987248458135
summary,float,brettel,1,65536,14.137935638,14.1621112825,14.194011688,2.16105175,2.1748580935,2.232185364,6.511740386568811
summary,float,brettel,2,65536,13.870048523,13.894224167,13.910293579,2.163393021,2.170281887,2.18290329,6.402036643362541
summary,float,lookup,0,65536,9.103870392,9.1136455535,9.209537506,4.532456398,4.5506725315,7.171483994,2.002703004976705
summary,float,lookup,1,65536,9.103870392,9.1178894045,9.152030945,4.532675743,4.5467453005,4.692771912,2.005366212947384
summary,float,lookup,2,65536,9.096908569,9.1119766235,9.200954437,4.515727043,4.544633388499999,4.733283997,2.004997068973147
summary,float,lookupApply,0,65536,10.600185394,10.619688034,10.649871826,10.067145348,10.084543228000001,12.962155342,1.0530658448182515
summary,float,lookupApply,1,65536,10.574150085,10.612869262499999,10.811138153,10.065080643,10.081323623500001,10.387823105,1.0527257787619217
summary,float,lookupApply,2,65536,10.586547852,10.613012314,10.6757164,10.06292057,10.078180313499999,10.154424667,1.053068310336101
summary,float,prepared,0,65536,2.156639099,2.1801471709999998,2.241706848,0.784828186,0.7930159569999999,0.806373596,2.749184492135005
summary,float,prepared,1,65536,2.177715302,2.2220611574999998,2.247619629,0.778740883,0.790985584,0.826839447,2.809230917032743
summary,float,prepared,2,65536,2.18000412,2.1858215335,2.225780487,0.778197289,0.7880716325,0.805885315,2.7736330599363375
summary,float,vienot,0,65536,6.865501404,6.993484497,7.11889267,0.775856972,0.789103508,0.811953545,8.862569265121047
summary,float,vienot,1,65536,6.865024567,6.876420975,6.927204132,0.776467323,0.7882385255,0.803048134,8.723781891576676
cross_language_checksum_max {'float': 0.0, 'double': 0.0}
R7.4.5 benchmark matrix and checksum preflight: PASS
