summary,double,brettel,0,65536,14.927864075,15.896987915,16.862201691,4.488718033,4.502156257499999,4.561551094,3.5309720511183307
summary,double,brettel,1,65536,13.877487183,14.2364025115,15.818977356,4.495294571,4.5121655465,4.566975594,3.155115291047533
summary,double,brettel,2,65536,13.546180725,14.117002487,15.890884399,4.502174377,4.5160956379999995,4.652853012,3.125930808066736
summary,double,lookup,0,65536,8.275604248,8.2973480225,8.3360672,6.280180931,6.295660019,6.487005234,1.317947283916063
summary,double,lookup,1,65536,8.27589035,8.310699463,8.368301392,6.266937256,6.291817665,6.35125351,1.320874174283625
summary,double,lookup,2,65536,8.284664154,8.309888839500001,9.016799927,6.278933525,6.294673443,6.405362129,1.3201461385961213
summary,double,lookupApply,0,65536,11.779403687,11.7934703825,11.910247803,10.44546032,10.9400396345,11.406920433,1.0780098405958842
summary,double,lookupApply,1,65536,11.776828766,11.7989063265,11.972522736,10.441085815,10.9232902525,11.429286957,1.080160469396993
summary,double,lookupApply,2,65536,11.771011353,11.8094444275,11.875152588,10.441889763,10.942980766,11.550890923,1.0791798578493454
summary,double,prepared,0,65536,1.822757721,1.8400192265,1.90486908,1.181528091,1.187180996,1.204006195,1.5499062339269454
summary,double,prepared,1,65536,1.826953888,1.836681366,1.894760132,1.18465519,1.187110901,1.210333824,1.5471859996002177
summary,double,prepared,2,65536,1.822185516,1.842689514,1.870727539,1.185744286,1.187693119,1.253328323,1.5514862252898174
summary,double,vienot,0,65536,0.875854492,0.8875846865,0.899887085,1.1841259,1.187479496,1.273945808,0.7474526419107114
summary,double,vienot,1,65536,0.87518692,0.890779495,0.922298431,1.183562279,1.1868019104999998,1.241761208,0.7505713355522948
summary,float,brettel,0,65536,11.695480347,12.851333618,14.220619202,2.278783798,2.328829765,2.364564896,5.518365408731367
summary,float,brettel,1,65536,12.643051147,13.057470322,14.581394196,2.323361397,2.33172369,2.399787903,5.599921799482168
summary,float,brettel,2,65536,11.905765533,13.134098053,14.553356171,2.315748215,2.324019909,2.338392258,5.65145677200823
summary,float,lookup,0,65536,8.172893524,8.192586899,8.240413666,4.417960167,4.441386699500001,4.483922958,1.8446011242214733
summary,float,lookup,1,65536,8.167648315,8.194065093999999,8.22687149,4.413241386,4.431968211999999,4.517970085,1.8488546627689577
summary,float,lookup,2,65536,8.17565918,8.186340332,8.208274841,4.41519928,4.43602705,4.495938301,1.8454216441263587
summary,float,lookupApply,0,65536,9.072113037,9.10115242,9.142208099,10.409671783,10.4440016745,10.5849123,0.871423875986281
summary,float,lookupApply,1,65536,9.067249298,9.097242354999999,9.153747559,10.411449432,10.4375305175,10.492992401,0.8715895335345062
summary,float,lookupApply,2,65536,9.069061279,9.092903137,9.169006348,10.409643173,10.435642242,10.623599052,0.8713314356833813
summary,float,prepared,0,65536,2.117919922,2.1195888519999997,2.156734467,0.772021294,0.7832708355,0.801235199,2.7060740116117854
summary,float,prepared,1,65536,2.117824554,2.1228313444999998,2.162837982,0.77150631,0.7815103535,0.787948608,2.7163189009497875
summary,float,prepared,2,65536,2.118682861,2.1228790285,2.147388458,0.772173882,0.7829632755,0.810108185,2.7113392095489157
summary,float,vienot,0,65536,8.15076828,8.173656463499999,8.189868927,0.773177147,0.7839393615000001,0.802313805,10.426388653148395
summary,float,vienot,1,65536,8.163261414,8.179664612,8.190727234,0.773626328,0.783052921,0.786706924,10.445864376004288
cross_language_checksum_max {'float': 0.0, 'double': 0.0}
R7.4.5 benchmark matrix and checksum preflight: PASS
