summary,double,brettel,0,65536,15.604972839,15.9174442295,16.788005829,4.484306335,4.4963469504999996,4.52458477,3.5400836289401463
summary,double,brettel,1,65536,13.615322113,13.922739029,15.702438354,4.498756409,4.5135240555,4.625146866,3.0846715023118816
summary,double,brettel,2,65536,13.148784637,14.683628082,16.873264313,4.491412163,4.5049433709999995,4.537956238,3.2594478715368522
summary,double,lookup,0,65536,8.347797394,8.365869522,8.414745331,6.27093792,6.2858099935,6.324952126,1.330913522784007
summary,double,lookup,1,65536,8.366394043,8.3769321445,8.441448212,6.26966095,6.283713818,6.395916939,1.3331180233739919
summary,double,lookup,2,65536,8.349895477,8.3942890165,8.858203888,6.268234253,6.289214134,6.369852066,1.3347119111622858
summary,double,lookupApply,0,65536,11.448955536,11.480522155500001,11.559009552,10.437301636,10.457308292499999,10.534044266,1.0978467722648908
summary,double,lookupApply,1,65536,11.44695282,11.47608757,11.589336395,10.440520287,10.4534072875,10.61011982,1.097832243054655
summary,double,lookupApply,2,65536,11.444854736,11.46812439,11.565589905,10.437291145,10.4648685455,10.735172272,1.0958689390256517
summary,double,prepared,0,65536,1.204586029,1.2117862700000002,1.2758255,1.185208321,1.188756466,1.209630013,1.0193730210170735
summary,double,prepared,1,65536,1.209926605,1.2315273285,1.29404068,1.18362236,1.189271927,1.20271492,1.0355304792290787
summary,double,prepared,2,65536,1.207447052,1.217699051,1.355361938,1.184662819,1.19026947,1.205150604,1.0230448496675295
summary,double,vienot,0,65536,0.873947144,0.89468956,0.908756256,1.184090614,1.185637474,1.257060051,0.7546063443672834
summary,double,vienot,1,65536,0.881004333,0.884914398,0.950813293,1.183889389,1.1878204344999999,1.228894234,0.7449900442001531
summary,float,brettel,0,65536,13.861942291,14.945411682,15.404129028,2.239908218,2.3197135925,2.349565506,6.442783165266985
summary,float,brettel,1,65536,14.188098907,15.6492710115,16.322612762,2.317893982,2.327536106,2.36288929,6.723535231594813
summary,float,brettel,2,65536,10.791873932,10.9682559965,12.300395966,2.311169624,2.318190575,2.373109818,4.73138667492857
summary,float,lookup,0,65536,6.022834778,6.119441986,10.530185699,4.415280342,4.4287672045,4.535012245,1.3817483971119846
summary,float,lookup,1,65536,6.019115448,6.10666275,6.184387207,4.418997765,4.428628922,4.543704987,1.378905945283442
summary,float,lookup,2,65536,6.023788452,6.0346126555,6.067276001,4.414871216,4.431428432500001,4.592672348,1.3617759481891394
summary,float,lookupApply,0,65536,10.013484955,10.0539684295,10.147190094,10.405409813,10.4324645995,10.500138283,0.9637193909080564
summary,float,lookupApply,1,65536,10.027885437,10.071706771999999,10.188388824,10.409841537,10.429316997499999,10.475391388,0.965711059929838
summary,float,lookupApply,2,65536,10.016345978,10.058546066000002,10.210990906,10.412487984,10.446454048,10.511155128,0.9628670187780834
summary,float,prepared,0,65536,1.581573486,1.5927791595,1.819992065,0.773019791,0.7836976055,0.797422409,2.032389978381783
summary,float,prepared,1,65536,1.581668854,1.5924453735,1.606178284,0.773812294,0.7835450175,0.815865517,2.0323597724874816
summary,float,prepared,2,65536,1.581668854,1.5933036805,1.665210724,0.773602486,0.7840800285,0.807230949,2.03206767496438
summary,float,vienot,0,65536,8.153152466,8.2075595855,8.62121582,0.773057938,0.7829289435,0.807881355,10.483147485656852
summary,float,vienot,1,65536,8.170604706,8.3314418795,8.636856079,0.771987915,0.782093048,0.795292854,10.652750207670941
cross_language_checksum_max {'float': 0.0, 'double': 0.0}
R7.4.5 benchmark matrix and checksum preflight: PASS
