summary,double,brettel,0,65536,15.777873993,15.8104896545,16.028785706,4.172262192,4.189860821,4.228928566,3.773511896924177
summary,double,brettel,1,65536,16.750621796,16.789293289,20.934867859,4.20518589,4.222576618,4.298944473,3.9760778330061792
summary,double,brettel,2,65536,16.632270813,16.6819095615,16.733646393,4.207889557,4.23342514,4.263393402,3.9405231012305086
summary,double,lookup,0,65536,7.259654999,7.2947502135,7.780361176,5.878548622,5.899102211,5.918178558,1.2365865097060955
summary,double,lookup,1,65536,7.262897491,7.298994064,7.403373718,5.875870705,5.9041786195,5.996165276,1.2362420811411905
summary,double,lookup,2,65536,7.252311707,7.2807312015,7.337284088,5.887577057,5.9097852710000005,6.250009537,1.2319789751460835
summary,double,lookupApply,0,65536,10.444927216,10.537862777499999,10.609149933,10.276832581,10.297234058499999,10.566040039,1.0233682868266327
summary,double,lookupApply,1,65536,10.440826416,10.541200638,10.577774048,10.281050682,10.304570198,12.802633286,1.0229636399629678
summary,double,lookupApply,2,65536,10.483360291,10.5313301085,10.732746124,10.28445816,10.298088074,10.363277435,1.0226490619252786
summary,double,prepared,0,65536,1.923561096,1.950979233,2.011203766,1.208790779,1.2166833879999999,1.260997772,1.6035225369576593
summary,double,prepared,1,65536,1.934814453,1.9455909729999998,1.985740662,1.211981773,1.22055769,1.247477531,1.5940180369516168
summary,double,prepared,2,65536,1.924991608,1.9428253175,1.97057724,1.207625389,1.219936371,1.278215408,1.5925628284264017
summary,double,vienot,0,65536,0.932598114,0.9650230405,1.19600296,1.216386795,1.2238726615000002,1.271602631,0.7884995480798227
summary,double,vienot,1,65536,0.928592682,0.945472717,1.124668121,1.217456818,1.228501797,1.315209389,0.769614435492763
summary,float,brettel,0,65536,13.01240921,13.3808612825,13.656616211,2.151717186,2.209355831,2.235635757,6.05645369331184
summary,float,brettel,1,65536,14.115619659,14.141559601,14.381217957,2.164588928,2.1783890725,2.509382248,6.491751074003793
summary,float,brettel,2,65536,13.909244537,13.937473297,13.99230957,2.164607048,2.1888508795,2.769944191,6.367484156884978
summary,float,lookup,0,65536,5.239295959,5.258655548,5.285358429,4.524414062,4.539728165,7.595612526,1.1583635312225793
summary,float,lookup,1,65536,5.241298676,5.265522003,5.344963074,4.515968323,4.5357112885,5.969106674,1.1609032559789216
summary,float,lookup,2,65536,5.248260498,5.2626609805,5.327129364,4.524431229,4.545550822999999,5.95095253,1.1577608931070575
summary,float,lookupApply,0,65536,10.536003113,10.5608940125,10.610294342,10.078596115,10.091527938999999,10.860462189,1.0465109026439967
summary,float,lookupApply,1,65536,10.53276062,10.554122925,11.247348785,10.072551727,10.1052479745,11.041978836,1.0444199837186292
summary,float,lookupApply,2,65536,10.537433624,10.5530261995,10.6133461,10.070244789,10.095132351,10.810386658,1.0453578846298772
summary,float,prepared,0,65536,2.101135254,2.1558761595,2.233886719,0.778330803,0.7936377525,0.818011284,2.7164485972458827
summary,float,prepared,1,65536,2.170085907,2.181816101,2.210903168,0.779344559,0.798003197,0.80681324,2.7340944362156483
summary,float,prepared,2,65536,2.171421051,2.1811008455,2.194976807,0.776697159,0.790030003,0.80714798,2.7607822958845274
summary,float,vienot,0,65536,6.869506836,6.991100311,7.081604004,0.778856277,0.7916884424999999,0.825090408,8.830620652896547
summary,float,vienot,1,65536,6.86712265,6.8740367885,7.168579102,0.786996841,0.8402681350000001,1.0620718,8.180765760562846
cross_language_checksum_max {'float': 0.0, 'double': 0.0}
R7.4.5 benchmark matrix and checksum preflight: PASS
