summary,double,brettel,0,65536,15.629196167,15.834712982,16.472816467,4.481946945,4.501360893499999,4.609743118,3.5177612630139143
summary,double,brettel,1,65536,13.653469086,14.1944408415,17.269134521,4.499616623,4.515830994,5.217518806,3.143262194789746
summary,double,brettel,2,65536,14.54668045,16.678667068499998,17.735385895,4.495433807,4.515381336500001,5.298674583,3.693744963172502
summary,double,lookup,0,65536,6.798839569,6.8197250364999995,6.96144104,6.289995193,6.3184223175,6.48663044,1.0793398563453969
summary,double,lookup,1,65536,6.790828705,6.805562973000001,6.834697723,6.278600693,6.304106712499999,6.396156311,1.0795443800952316
summary,double,lookup,2,65536,6.792640686,6.8170547485,6.854724884,6.272773743,6.2995719910000005,9.141558647,1.0821457010475173
summary,double,lookupApply,0,65536,10.17332077,10.190343857,10.29176712,10.44504261,10.462556839000001,10.545448303,0.9739821741292429
summary,double,lookupApply,1,65536,10.162639618,10.1922512055,10.281848907,10.448958397,10.479486465499999,12.226761818,0.9725907122504887
summary,double,lookupApply,2,65536,10.169887543,10.190343857,10.275363922,10.449866295,10.4751644135,13.304356575,0.9728099201829297
summary,double,prepared,0,65536,1.203918457,1.209259033,1.28068924,1.183879852,1.1928720475,1.207261086,1.013737420986889
summary,double,prepared,1,65536,1.20639801,1.2179851535,1.248168945,1.183545113,1.1902127265,1.207051277,1.0233340027220754
summary,double,prepared,2,65536,1.204299927,1.2102603914999999,1.30033493,1.184472084,1.1928339005000002,1.763394356,1.0146093190281522
summary,double,vienot,0,65536,0.871086121,0.884914398,0.954532623,1.185054779,1.1883072855,1.206268311,0.7446848208354269
summary,double,vienot,1,65536,0.881195068,0.8913517,0.96578598,1.184223175,1.1868648524999998,1.214157104,0.7510136458438936
summary,float,brettel,0,65536,12.760353088,12.9823207855,13.850784302,2.241894722,2.3166093825000003,2.342717171,5.604018046188673
summary,float,brettel,1,65536,11.11240387,11.4349365235,13.209819794,2.321610451,2.331653118,2.350348473,4.904218571460765
summary,float,brettel,2,65536,10.822105408,12.0659828185,13.994026184,2.308382034,2.3194408415,2.340806961,5.20210845761293
summary,float,lookup,0,65536,4.645347595,4.655456543,4.810142517,4.416695595,4.432058810999999,4.462538719,1.0504049565961413
summary,float,lookup,1,65536,4.637432098,4.64758873,4.668140411,4.419866562,4.433471203,4.577582359,1.0482956846218179
summary,float,lookup,2,65536,4.637908936,4.651927948,4.763889313,4.425747871,4.434527397,4.531051636,1.0490245141223107
summary,float,lookupApply,0,65536,10.125541687,10.164785385,11.012268066,10.402630806,10.4265179635,10.850387573,0.9748974125958211
summary,float,lookupApply,1,65536,10.132408142,10.170745849500001,10.273742676,10.402311325,10.425195216999999,10.596728325,0.9755928438553289
summary,float,lookupApply,2,65536,10.126113892,10.1686000825,10.259246826,10.400391579,10.417981625,10.469244957,0.9760623937076679
summary,float,prepared,0,65536,1.581192017,1.5929222105,1.67016983,0.773544312,0.784166336,0.793401718,2.0313575543492854
summary,float,prepared,1,65536,1.581478119,1.590871811,1.603507996,0.773115158,0.7830147745,0.79444313,2.0317264281709924
summary,float,prepared,2,65536,1.580142975,1.591205597,1.653385162,0.774815559,0.784342766,0.79640007,2.0287120197650936
summary,float,vienot,0,65536,8.156013489,8.1705093385,8.196163177,0.771711349,0.7815394405,0.823783875,10.454378774886665
summary,float,vienot,1,65536,8.155441284,8.1764698025,8.194351196,0.77093792,0.7819929125,0.793679237,10.455938502511684
cross_language_checksum_max {'float': 0.0, 'double': 0.0}
R7.4.5 benchmark matrix and checksum preflight: PASS
