summary,double,brettel,0,65536,25.587081909,25.928926468,28.047180176,2.836185455,2.8517565725000003,2.869478226,9.092264998365318
summary,double,brettel,1,65536,25.828075409,26.0236740115,26.305103302,2.849136353,2.8749179839999996,2.93662262,9.051970927981785
summary,double,brettel,2,65536,25.759601593,25.997161865000002,26.729393005,2.844322205,2.878217697,2.925065041,9.032382050911975
summary,double,lookup,0,65536,26.588344574,32.3250293735,42.565155029,3.520035744,3.5415673255,3.583167076,9.127323131979805
summary,double,lookup,1,65536,26.722431183,29.5352458955,32.671070099,3.515937805,3.5473032,3.567818642,8.326112607318146
summary,double,lookup,2,65536,26.752853394,29.443264007499998,32.798576355,3.518458366,3.647331715,3.968793869,8.072549005184191
summary,double,lookupApply,0,65536,35.359191895,35.8795166015,36.1784935,6.731492996,6.784662247,6.845550537,5.288327597643491
summary,double,lookupApply,1,65536,35.576343536,35.913324356000004,36.235523224,6.730127335,6.817846298,11.450163841,5.267546786224133
summary,double,lookupApply,2,65536,35.701465607,35.943555832,37.80412674,6.764625549,6.872326851,7.07945919,5.230187185693855
summary,double,prepared,0,65536,12.906742096,13.0422115325,13.184070587,0.785617828,0.7920126915000001,0.806171417,16.467174923421034
summary,double,prepared,1,65536,12.971401215,13.066625595,13.232135773,0.778110504,0.7920613285,0.804872513,16.496987196364554
summary,double,prepared,2,65536,13.038063049,13.139009476,13.260936737,0.77723217,0.7909622190000001,0.866211891,16.611424870092307
summary,double,vienot,0,65536,10.577201843,10.6790542605,10.81943512,0.782296181,0.7900929455000001,0.84536171,13.516199988017735
summary,double,vienot,1,65536,10.617733002,10.7223033905,10.757923126,0.779714584,0.7886166569999999,0.812858582,13.596344047929488
summary,float,brettel,0,65536,22.552204132,22.778892517000003,23.264789581,1.477433205,1.4957661624999998,1.51750946,15.228912839509434
summary,float,brettel,1,65536,22.335243225,23.1429576875,23.7657547,1.475151062,1.4923491480000002,1.511669159,15.507736724020296
summary,float,brettel,2,65536,22.106838226,22.5200653075,23.070812225,1.526353836,1.5407071115,1.577533722,14.616707574988046
summary,float,lookup,0,65536,127.15587616,129.1996955875,134.93347168,2.323003769,2.347150803,2.38483429,55.04533216287765
summary,float,lookup,1,65536,127.048873901,129.0126800535,131.623744965,2.319602966,2.357849121,2.389112473,54.71625767079775
summary,float,lookup,2,65536,127.89182663,128.96847724949998,134.187316895,2.323633194,2.3523569105,2.400354385,54.82521664711473
summary,float,lookupApply,0,65536,132.233715057,133.54430198699998,167.7693367,6.898168564,6.921772957,7.04005909,19.293366427447815
summary,float,lookupApply,1,65536,131.065368652,133.3942890165,137.169551849,6.891243935,6.956182003,7.058330536,19.17636556360528
summary,float,lookupApply,2,65536,130.857849121,133.582019806,161.232948303,6.898799896,6.988273620499999,9.010229111,19.115167358951012
summary,float,prepared,0,65536,10.125827789,10.2637290955,10.324382782,0.444317818,0.4508948325,0.470277786,22.763022229801226
summary,float,prepared,1,65536,10.097503662,10.176038742,10.317325592,0.444499969,0.45314407349999997,0.468902588,22.456519542233405
summary,float,prepared,2,65536,10.008907318,10.166788101,10.415649414,0.444289207,0.451352596,0.458463669,22.52515703044721
summary,float,vienot,0,65536,7.755565643,7.811021805,8.218383789,0.444919586,0.4531054495,0.470649719,17.238860873598917
summary,float,vienot,1,65536,7.694911957,7.836055756,7.997512817,0.443076134,0.4504504205,0.459017754,17.396044934983028
cross_language_checksum_max {'float': 0.0, 'double': 0.0}
R7.4.5 benchmark matrix and checksum preflight: PASS
