summary,double,brettel,0,65536,20.116424561,20.395278930499998,29.010009766,3.565558434,3.5782828335000003,3.646676064,5.6997391988019315
summary,double,brettel,1,65536,20.222854614,20.4947471615,21.273326874,3.56939888,3.585969448,3.665863037,5.715259836619779
summary,double,brettel,2,65536,20.290851593,20.425033569,21.165752411,3.56739521,3.577607155,3.607154846,5.709132580544607
summary,double,lookup,0,65536,32.544708252,41.577625274499994,54.519271851,4.935852051,4.947833538,5.327322006,8.403198077538072
summary,double,lookup,1,65536,32.243251801,37.0252132415,41.969776154,4.928708076,4.9405660625,4.960866928,7.494123704271386
summary,double,lookup,2,65536,32.223796844,36.944437027,41.64981842,4.928096771,4.9456033705,5.015906334,7.470157685383679
summary,double,lookupApply,0,65536,47.539901733,48.3869552615,49.719619751,8.350518227,8.376120567000001,8.497668266,5.776773970056441
summary,double,lookupApply,1,65536,47.603225708,48.229026794,50.754165649,8.351988792,8.374486923,8.435320854,5.759042582243699
summary,double,lookupApply,2,65536,47.59016037,48.0806827545,48.667812347,8.341664314,8.3719711305,8.420222282,5.743054055613839
summary,double,prepared,0,65536,14.745616913,14.780759811500001,14.896869659,0.934891701,0.9381604195,0.946427345,15.755045197256909
summary,double,prepared,1,65536,14.740180969,14.7715091705,14.80588913,0.933535576,0.9390487675,1.004641533,15.730289716289947
summary,double,prepared,2,65536,14.74943161,14.766740799,14.838218689,0.93368721,0.9364709855,0.965461731,15.768497932817162
summary,double,vienot,0,65536,19.463062286,19.619512558,20.907688141,0.93324852,0.9374055859999999,0.958622932,20.929587844380524
summary,double,vienot,1,65536,19.493961334,19.617366791000002,19.797325134,0.933668137,0.9375209805,0.951472282,20.924722965173153
summary,float,brettel,0,65536,41.739463806,42.31672287,43.402194977,1.774723053,1.8403387064999999,1.879663467,22.99398622685003
summary,float,brettel,1,65536,42.496871948,42.9370880125,43.799972534,1.833518028,1.8455104825,1.862925529,23.265697171405797
summary,float,brettel,2,65536,41.899013519,42.486763000500005,43.263244629,1.824654579,1.830058575,1.857506752,23.216067278338347
summary,float,lookup,0,65536,23.861598969,23.916292190500002,24.158763885,3.467826843,3.478309631,3.533947945,6.875837613002889
summary,float,lookup,1,65536,23.85597229,23.918390274,24.101734161,3.466873169,3.4740777014999997,3.53453064,6.884817303790522
summary,float,lookup,2,65536,23.878002167,23.955774307,24.104213715,3.467617035,3.476817608,3.499677658,6.890144093805452
summary,float,lookupApply,0,65536,37.288188934,37.3806476595,39.68629837,8.486923218,8.5064315795,8.555307388,4.394398204481556
summary,float,lookupApply,1,65536,37.306118011,37.387752533,37.511062622,8.485404968,8.51366663,8.608124733,4.391498300069097
summary,float,lookupApply,2,65536,37.298774719,37.358283996500006,37.482643127,8.494324684,8.5220189095,11.970258713,4.383736341497026
summary,float,prepared,0,65536,12.831020355,12.853527069,16.389083862,0.611309052,0.6194562915,0.63177681,20.749691697981568
summary,float,prepared,1,65536,12.831306458,12.8511428835,12.940979004,0.611252785,0.6204018595,0.623840332,20.71422367085926
summary,float,prepared,2,65536,12.83454895,12.84661293,12.995529175,0.611405373,0.6203780175,0.631985664,20.707717823028762
summary,float,vienot,0,65536,22.356700897,22.6786136625,22.798919678,0.610258102,0.61783123,0.63103199,36.70681014700406
summary,float,vienot,1,65536,22.335624695,22.4581241605,24.689769745,0.610601425,0.6189393995,0.657505035,36.28485143883622
cross_language_checksum_max {'float': 0.0, 'double': 0.0}
R7.4.5 benchmark matrix and checksum preflight: PASS
