summary,double,brettel,0,65536,29.283332825,29.3839931485,30.560779572,4.179520607,4.205212593000001,4.51997757,6.987516682845622
summary,double,brettel,1,65536,29.25825119,29.3261528015,29.918193817,4.204304695,4.2186841965,4.2555933,6.951492796220733
summary,double,brettel,2,65536,29.15430069,29.2437076565,30.081558228,4.2137537,4.233183861,4.296993256,6.908206356430688
summary,double,lookup,0,65536,46.535205841,46.626138687,46.779537201,5.88662529,5.9111995695,5.962727547,7.887762566430131
summary,double,lookup,1,65536,46.534824371,46.6304302215,50.940608978,5.887073517,5.902610302,6.426992416,7.899967613599709
summary,double,lookup,2,65536,46.54083252,46.6122150425,49.206066132,5.879430771,5.9130382535,5.994715691,7.882955097560828
summary,double,lookupApply,0,65536,55.742263794,55.8634757995,66.977787018,10.281448364,10.320845604,10.37744236,5.412683993436474
summary,double,lookupApply,1,65536,55.759239197,55.838060379,58.263015747,10.29830265,10.3216962815,13.353346825,5.4097755694556575
summary,double,lookupApply,2,65536,55.770206451,55.852842331000005,56.003856659,10.286999702,10.316010474999999,10.388754845,5.414190152904048
summary,double,prepared,0,65536,26.521873474,26.5662670135,26.88331604,1.214643478,1.2280483245,1.24519825,21.632916623469566
summary,double,prepared,1,65536,26.523590088,26.570224762000002,28.765964508,1.215159416,1.2238726615000002,1.248112679,21.709958558462333
summary,double,prepared,2,65536,26.523399353,26.548910141,26.78937912,1.212359428,1.2231373785000001,1.239006996,21.70558320567259
summary,double,vienot,0,65536,22.167873383,22.195529937499998,22.3777771,1.226309776,1.2350564005,1.293889046,17.971268298771104
summary,double,vienot,1,65536,22.177886963,22.208786011,22.416877747,1.217662811,1.2282299995,1.245102882,18.081943951899053
summary,float,brettel,0,65536,42.515563965,42.5966739655,49.669075012,2.168293953,2.2171607015,2.265320778,19.21226275419802
summary,float,brettel,1,65536,42.576599121,42.705583572500004,43.295574188,2.16794014,2.176811695,2.214652061,19.618409654170847
summary,float,brettel,2,65536,42.616558075,42.861175536999994,43.165874481,2.170749664,2.1758518215000002,2.19568634,19.698572813406077
summary,float,lookup,0,65536,29.267215729,29.330778121999998,29.485988617,4.538876534,4.554083347000001,4.619450569,6.440544866470577
summary,float,lookup,1,65536,29.259681702,29.3206214905,29.563522339,4.5188694,4.5447106365,4.627706528,6.4515925953606095
summary,float,lookup,2,65536,29.255962372,29.309129715,31.554031372,4.530650139,4.555650234,4.621285439,6.43357769133775
summary,float,lookupApply,0,65536,42.101383209,42.2223091125,48.323822021,10.067149162,10.088804244999999,10.138998985,4.185065750822288
summary,float,lookupApply,1,65536,42.08574295,42.1667575835,42.593955994,10.067836761,10.08462286,10.429132462,4.181292465655974
summary,float,lookupApply,2,65536,42.105674744,42.217016220000005,42.703723907,10.06882,10.083960055999999,10.137574196,4.186551313725277
summary,float,prepared,0,65536,15.612792969,15.643548965499999,16.425895691,0.782089233,0.7921214105000001,0.830769539,19.748928331107138
summary,float,prepared,1,65536,15.609264374,15.624618530500001,15.90013504,0.78096199,0.7899622915,0.800786972,19.778942233852185
summary,float,prepared,2,65536,15.619754791,15.654563904,15.931606293,0.781095505,0.795407772,0.879535675,19.681180465005564
summary,float,vienot,0,65536,19.340133667,19.4007873535,19.878292084,0.779403687,0.78954649,0.824205399,24.572064595588287
summary,float,vienot,1,65536,19.657230377,19.6793079375,19.78597641,0.779270172,0.78867197,0.815042496,24.952462729846985
cross_language_checksum_max {'float': 0.0, 'double': 0.0}
R7.4.5 benchmark matrix and checksum preflight: PASS
