summary,double,brettel,0,65536,15.839672089,15.8793926235,15.953063965,4.181344986,4.2062482835,4.269867897,3.7751914659414325
summary,double,brettel,1,65536,15.946865082,15.985059738,16.050338745,4.209578514,4.222529888,4.259166718,3.7856593468829933
summary,double,brettel,2,65536,16.124629974,16.165304184,16.237926483,4.217834473,4.2444443705,4.285740852,3.8085795861416156
summary,double,lookup,0,65536,6.568622589,6.592798233,6.783866882,5.880257607,5.907569885,6.000779152,1.1159915771356126
summary,double,lookup,1,65536,6.551551819,6.5903663635,6.663417816,5.875374794,5.9027490615,5.983111382,1.1164910272884383
summary,double,lookup,2,65536,6.444358826,6.5701007845,6.620025635,5.883582115,5.91307354,5.98404789,1.1111143367413625
summary,double,lookupApply,0,65536,9.705257416,9.738540649,10.093784332,10.279051781,10.3231339455,10.391979218,0.9433705597945058
summary,double,lookupApply,1,65536,9.693241119,9.7343444825,9.797477722,10.281029701,10.326678752500001,10.447404861,0.9426403895970326
summary,double,lookupApply,2,65536,9.717178345,9.7304821015,9.853458405,10.292992592,10.3267359735,10.38697052,0.9422611487763336
summary,double,prepared,0,65536,1.237678528,1.25041008,1.342868805,1.222766876,1.243113041,1.301434517,1.005869972206333
summary,double,prepared,1,65536,1.233863831,1.2471675875,1.274394989,1.21627903,1.229908466,1.245926857,1.0140328503926241
summary,double,prepared,2,65536,1.233386993,1.2525558475,1.356124878,1.217903137,1.237163067,1.384415627,1.012441998076556
summary,double,vienot,0,65536,0.923538208,0.952529907,1.223468781,1.220220566,1.229287624,1.269769669,0.7748633341809353
summary,double,vienot,1,65536,0.924968719,0.9583473204999999,1.036071777,1.222146034,1.2444291115,1.331817627,0.7701100140166562
summary,float,brettel,0,65536,13.101577759,13.1388664245,13.362693787,2.161248207,2.2170739174999996,2.303476334,5.926219383481607
summary,float,brettel,1,65536,14.255332947,14.2762184145,14.309120178,2.164572716,2.1797070505,2.21739006,6.5496041824635105
summary,float,brettel,2,65536,13.607597351,13.6521339415,13.706016541,2.158553123,2.173367977,2.232591629,6.28155659141747
summary,float,lookup,0,65536,4.683685303,4.6947956085,4.815769196,4.527124405,4.553212643,4.603034973,1.031095179733735
summary,float,lookup,1,65536,4.683208466,4.6958446505,4.744720459,4.541293144,4.565356254499999,4.802351952,1.0285823030505845
summary,float,lookup,2,65536,4.672622681,4.691076279,4.736614227,4.526417732,4.5431661605,4.603713036,1.032556616525714
summary,float,lookupApply,0,65536,9.632587433,9.8013401035,9.928798676,10.064869881,10.0791778565,10.152598381,0.9724344825584337
summary,float,lookupApply,1,65536,9.639644623,9.801340103000001,9.848594666,10.064736366,10.086132049500002,10.273101807,0.9717640077383165
summary,float,lookupApply,2,65536,9.645557404,9.7905158995,9.869289398,10.065519333,10.0912356375,10.395152092,0.9701999092279149
summary,float,prepared,0,65536,1.455497742,1.497745514,1.552391052,0.77844429,0.7927212715,0.845917702,1.8893721763841933
summary,float,prepared,1,65536,1.498794556,1.5079021455000001,1.572322845,0.787332535,0.792561531,0.805075645,1.902567922515028
summary,float,prepared,2,65536,1.498222351,1.5084266665000001,1.527786255,0.777701378,0.7912387845,0.811094284,1.9064114348909298
summary,float,vienot,0,65536,6.865024567,6.9667816160000005,7.085227966,0.775169373,0.7866868975000001,0.81223774,8.85585057808847
summary,float,vienot,1,65536,6.861686707,6.876850128,6.961154938,0.775255203,0.7895236015,0.807899475,8.71012610001121
cross_language_checksum_max {'float': 0.0, 'double': 0.0}
R7.4.5 benchmark matrix and checksum preflight: PASS
