summary,double,brettel,0,65536,47.420787811,47.4780082705,47.961711884,4.18645668,4.204419613000001,4.25056839,11.29240481223585
summary,double,brettel,1,65536,47.494697571,47.5465297695,47.640895844,4.201705933,4.2265577315,4.268292427,11.249468903533892
summary,double,brettel,2,65536,47.393703461,47.45631218,47.511959076,4.206359863,4.22755146,4.297672272,11.225484214448805
summary,double,lookup,0,65536,46.824264526,46.8839645385,46.971607208,5.882488251,5.929014206,6.302268982,7.907548018868755
summary,double,lookup,1,65536,46.821594238,46.8797683715,47.065639496,5.876048088,5.894680023,5.950392723,7.952894506331713
summary,double,lookup,2,65536,46.820449829,46.890068054,47.038269043,5.872236252,5.9188580515,6.074468613,7.922147759924193
summary,double,lookupApply,0,65536,55.760669708,55.873441696,56.661987305,10.304265022,10.3446950915,10.65226078,5.401168541150133
summary,double,lookupApply,1,65536,55.784416199,55.841064453,55.975151062,10.277932167,10.330329418,10.401224136,5.4055453793855
summary,double,lookupApply,2,65536,55.762290955,55.8248996735,55.896472931,10.277540207,10.3140444755,10.372331619,5.412512987131922
summary,double,prepared,0,65536,26.529598236,26.572704315000003,26.811885834,1.21064949,1.2229218485,2.019003868,21.72886546069424
summary,double,prepared,1,65536,26.513385773,26.569890976,40.668869019,1.210343361,1.22004652,1.248677254,21.777768749342446
summary,double,prepared,2,65536,26.528930664,26.579809189000002,27.021026611,1.209168434,1.2182216645000001,1.253138542,21.818532672302513
summary,double,vienot,0,65536,17.481994629,17.507839203,17.658805847,1.217165947,1.225606918,1.274502754,14.285036210117084
summary,double,vienot,1,65536,17.474365234,17.5010204315,18.126678467,1.216878891,1.225497246,1.248810768,14.280750518716383
summary,float,brettel,0,65536,34.018421173,34.0685844425,34.25579071,2.165236473,2.2116289140000003,2.255794525,15.404295099797196
summary,float,brettel,1,65536,34.040927887,34.084367752,34.188938141,2.164730072,2.181221485,2.200062752,15.626275454553392
summary,float,brettel,2,65536,33.976650238,34.037065506,35.877609253,2.163612366,2.1765732765,2.218398094,15.637913905077754
summary,float,lookup,0,65536,29.092693329,29.1935920715,29.265117645,4.52802372,4.547466755,4.638913155,6.4197483223821825
summary,float,lookup,1,65536,29.105854034,29.178237915,29.31060791,4.514990807,4.5494737625,4.588407516,6.41354131009784
summary,float,lookup,2,65536,29.146766663,29.20050621,29.273891449,4.516816139,4.5503530505,4.711614609,6.417195739744063
summary,float,lookupApply,0,65536,42.248916626,42.30427742,42.507457733,10.060642242,10.081925392,10.143900871,4.196051426205594
summary,float,lookupApply,1,65536,42.216014862,42.2917366025,42.436695099,10.062553406,10.081447601499999,10.169287682,4.195006339784725
summary,float,lookupApply,2,65536,42.274093628,42.338514328,42.513656616,10.065114021,10.085546970500001,10.131480217,4.197939333567055
summary,float,prepared,0,65536,15.613746643,15.643548965499999,15.715885162,0.777445793,0.7910847665,0.817411423,19.774807489609266
summary,float,prepared,1,65536,15.60382843,15.636301040500001,15.688228607,0.776815414,0.788476467,0.836483002,19.83103072180847
summary,float,prepared,2,65536,15.617752075,15.648698806999999,15.917015076,0.779441833,0.7899861335,0.843362808,19.808827197597893
summary,float,vienot,0,65536,10.303115845,10.326862335000001,10.569000244,0.775544167,0.7864985465000001,0.811813354,13.13017345163015
summary,float,vienot,1,65536,10.295963287,10.3101730345,10.366153717,0.775447845,0.7865748405,0.801484108,13.107682198360372
cross_language_checksum_max {'float': 0.0, 'double': 0.0}
R7.4.5 benchmark matrix and checksum preflight: PASS
