summary,double,brettel,0,65536,29.357051849,29.425477981500002,29.660415649,4.182319641,4.2149295805,4.288088799,6.981250201102856
summary,double,brettel,1,65536,29.385471344,29.4593334195,36.977958679,4.200721741,4.2225966454999995,4.286769867,6.97659186815645
summary,double,brettel,2,65536,29.351520538,29.4610500335,29.647350311,4.207056046,4.236345291,4.286301613,6.954355230695948
summary,double,lookup,0,65536,30.378913879,30.421638489,30.529022217,5.876343727,5.9104156495,6.058759689,5.147123365439377
summary,double,lookup,1,65536,30.335044861,30.389165878,30.492019653,5.873229027,5.897110462500001,5.974124908,5.15322988627161
summary,double,lookup,2,65536,30.397510529,30.4475307465,31.564807892,5.875722885,5.9028577805,6.023179054,5.158100004896434
summary,double,lookupApply,0,65536,57.146644592,57.217597961500005,58.713245392,10.286902428,10.369407177,10.543747902,5.5179237332305995
summary,double,lookupApply,1,65536,57.102298737,57.2224617005,57.336521149,10.294049263,10.342247486,10.410605431,5.532884586059305
summary,double,lookupApply,2,65536,57.18870163,57.242822647,57.544231415,10.281266212,10.34268713,10.401461601,5.534618027936034
summary,double,prepared,0,65536,26.532459259,26.551103592,26.763153076,1.213467598,1.2231516839999999,1.245733261,21.70712262372195
summary,double,prepared,1,65536,26.517677307,26.5550136565,26.643943787,1.212913513,1.2266054149999999,1.248141289,21.649189977283775
summary,double,prepared,2,65536,26.524543762,26.577377319500002,43.532085419,1.211977959,1.2220811845,1.253453255,21.747636455407683
summary,double,vienot,0,65536,22.162246704,22.192335129,22.478294373,1.226214409,1.2338910105,1.242074013,17.985652655016242
summary,double,vienot,1,65536,22.485351562,22.517967224000003,22.554302216,1.214662552,1.2255978585,1.244558334,18.37304713599906
summary,float,brettel,0,65536,42.586803436,42.622423172,42.893505096,2.167644501,2.2180109025,2.235041618,19.216507513086942
summary,float,brettel,1,65536,42.418479919,42.540359497,42.806434631,2.169192314,2.1771173475,2.198552132,19.539764149989164
summary,float,brettel,2,65536,42.47045517,42.621564864999996,42.88225174,2.171227455,2.1784214975,2.254753113,19.565343490189274
summary,float,lookup,0,65536,28.933620453,28.959608078,29.131412506,4.51074791,4.5405249595,4.598105431,6.378030808399964
summary,float,lookup,1,65536,28.949451447,28.9830207825,29.969501495,4.51265049,4.5341281890000005,4.594733238,6.392192627639888
summary,float,lookup,2,65536,28.939342499,28.993320465,29.056072235,4.51192379,4.542755604,4.604296684,6.382320114133087
summary,float,lookupApply,0,65536,40.550518036,40.649366379,43.12953949,10.072469711,10.0948281285,10.186397552,4.026751705087239
summary,float,lookupApply,1,65536,40.595149994,40.661764145,42.278194427,10.079741478,10.094320774,10.200146675,4.028182287384085
summary,float,lookupApply,2,65536,40.541553497,40.6863212585,41.129302979,10.072784424,10.091301918,10.135902405,4.031820828383623
summary,float,prepared,0,65536,15.609931946,15.627670288000001,15.938663483,0.779547691,0.7909893990000001,0.816828728,19.757117235397992
summary,float,prepared,1,65536,15.61050415,15.6388759615,15.709686279,0.78126812,0.7919063565,0.843047142,19.748390492304377
summary,float,prepared,2,65536,15.606784821,15.62833786,15.747356415,0.779395103,0.7894458769999999,0.802009583,19.796591907465242
summary,float,vienot,0,65536,19.654178619,19.683599472,19.826316833,0.780473709,0.789469719,0.820536613,24.932684558101464
summary,float,vienot,1,65536,19.344615936,19.391345977500002,19.693660736,0.777254105,0.7879981995,0.802583694,24.60836330565753
cross_language_checksum_max {'float': 0.0, 'double': 0.0}
R7.4.5 benchmark matrix and checksum preflight: PASS
