summary,double,brettel,0,65536,12.06407547,12.309408187999999,12.689113617,3.570187569,3.5787029265,3.651533127,3.4396283907361647
summary,double,brettel,1,65536,10.490894318,10.707950592,11.749744415,3.566959381,3.5833005905,3.623911858,2.9882925871161294
summary,double,brettel,2,65536,11.164569855,11.4132881165,12.575626373,3.571208,3.5835351945,3.621687889,3.1849242429702054
summary,double,lookup,0,65536,6.523418427,6.5386295315,7.594966888,4.927095413,4.937528133500001,4.991955757,1.324271853184368
summary,double,lookup,1,65536,6.527709961,6.5388679505,6.730651855,4.929711342,4.939287186,6.205692291,1.323848503693788
summary,double,lookup,2,65536,6.491661072,6.5697669985000005,6.973743439,4.933073997,4.9719371795,6.693561554,1.3213696716821117
summary,double,lookupApply,0,65536,9.454250336,9.477806091,10.502433777,8.350756645,8.3662223815,8.385897636,1.1328656661049334
summary,double,lookupApply,1,65536,9.424781799,9.4754219055,9.87405777,8.345761299,8.366546154,8.436793327,1.1325368594267364
summary,double,lookupApply,2,65536,9.39950943,9.4812393185,9.809207916,8.35291481,8.3702344895,8.423166275,1.1327328201370817
summary,double,prepared,0,65536,0.966358185,0.9739875794999999,1.089763641,0.934604645,0.942355156,0.989523888,1.033567411711599
summary,double,prepared,1,65536,0.96540451,0.9724140164999999,1.028060913,0.933497429,0.9374275205,0.958301544,1.037321814470882
summary,double,prepared,2,65536,0.971031189,0.977039337,1.058292389,0.929008484,0.9398055075,0.963965416,1.0396186542884247
summary,double,vienot,0,65536,0.720119476,0.726175308,0.798416138,0.936285973,0.93948555,0.961452484,0.7729499490439209
summary,double,vienot,1,65536,0.714683533,0.7246017455,0.793552399,0.936592102,0.9388837815,0.997661591,0.7717693710102713
summary,float,brettel,0,65536,9.820270538,10.003089904500001,10.472488403,1.786612511,1.8418364525,1.853536606,5.431041334273951
summary,float,brettel,1,65536,8.595371246,10.591173172000001,11.547279358,1.835113525,1.843297958,1.874664307,5.745773832186929
summary,float,brettel,2,65536,8.245277405,9.220933914,10.453605652,1.822619438,1.8298692705,1.836860657,5.039121680796596
summary,float,lookup,0,65536,4.668045044,4.7380447385,5.309581757,3.461427689,3.4735679625,3.591361046,1.364028223904371
summary,float,lookup,1,65536,4.674720764,4.7184944155,4.811573029,3.461639404,3.471395016,3.489813805,1.359250213171361
summary,float,lookup,2,65536,4.673194885,4.7196388245000005,4.783916473,3.464512825,3.4775991435,3.537074089,1.3571543555620849
summary,float,lookupApply,0,65536,7.891654968,7.966661453,8.330917358,8.479174614,8.497245312,8.558197021,0.9375581333104862
summary,float,lookupApply,1,65536,7.894039154,7.9313755035,8.324432373,8.476662636,8.494820595,8.596697807,0.9336719257106335
summary,float,lookupApply,2,65536,7.896709442,7.923603057999999,8.484172821,8.487996101,8.493945122,8.547538757,0.9328531023207616
summary,float,prepared,0,65536,1.231765747,1.2407779694999999,1.260757446,0.611577034,0.6203594205,0.635455132,2.000095313294271
summary,float,prepared,1,65536,1.239395142,1.2469291685,1.265621185,0.613143921,0.6199913025,0.636419296,2.011204291853755
summary,float,prepared,2,65536,1.237106323,1.241731644,1.253890991,0.612360001,0.6202015875,0.626763344,2.0021419954846533
summary,float,vienot,0,65536,6.295585632,6.3294410705,6.366443634,0.611022949,0.619427681,0.648988724,10.218208298798968
summary,float,vienot,1,65536,6.28490448,6.297540665,6.324672699,0.61027813,0.6181764599999999,0.632646561,10.187286434362125
cross_language_checksum_max {'float': 0.0, 'double': 0.0}
R7.4.5 benchmark matrix and checksum preflight: PASS
