summary,double,brettel,0,65536,38.933181763,38.9768600465,39.154720306,4.171012878,4.1870121954999995,4.228827477,9.30899128700663
summary,double,brettel,1,65536,38.983249664,39.0261650085,39.192867279,4.197917938,4.221370220000001,4.248242378,9.24490461026183
summary,double,brettel,2,65536,38.907909393,38.945817947500004,40.68441391,4.211647987,4.233261108000001,4.250583649,9.199956476556654
summary,double,lookup,0,65536,46.778011322,46.884155273000005,49.100399017,5.877175331,5.8954582215,5.979342461,7.95258884237689
summary,double,lookup,1,65536,46.760463715,46.8303203585,46.947288513,5.886118889,5.9092655185,5.991286278,7.9248969625564145
summary,double,lookup,2,65536,46.741867065,46.8230724335,47.021484375,5.875139236,5.9136977195,5.960987091,7.917731790568908
summary,double,lookupApply,0,65536,55.752563477,55.8319568635,77.434921265,10.290184975,10.327950001000001,10.493084908,5.405908903324869
summary,double,lookupApply,1,65536,55.739879608,55.80329895,56.087398529,10.284394264,10.3267650605,10.473136902,5.403754091728908
summary,double,lookupApply,2,65536,55.741977692,55.82447052,92.677879333,10.280410767,10.318977833,10.384853363,5.409883752388132
summary,double,prepared,0,65536,26.509857178,26.5481948855,26.582813263,1.211992264,1.2152981755,1.301041603,21.84500513594328
summary,double,prepared,1,65536,26.507854462,26.540470123,26.753807068,1.213378906,1.2266254425,1.250315666,21.636979964240385
summary,double,prepared,2,65536,26.504707336,26.542329788,26.669120789,1.212833405,1.21888113,1.285275459,21.775978916007997
summary,double,vienot,0,65536,8.430767059,8.452987670999999,8.493328094,1.213903427,1.2181124689999998,1.238631248,6.939414779933593
summary,double,vienot,1,65536,8.43706131,8.4528923035,8.531475067,1.216760635,1.225502491,1.408108711,6.897490919502341
summary,float,brettel,0,65536,29.508304596,29.5354366305,29.70495224,2.14555645,2.21013546,2.223597527,13.363631852004222
summary,float,brettel,1,65536,29.542827606,29.5670986175,29.637527466,2.159945488,2.1741676329999997,3.00725174,13.59927273717261
summary,float,brettel,2,65536,29.453468323,29.489183425500002,29.59651947,2.156430244,2.1662039755,2.209180832,13.613299467190457
summary,float,lookup,0,65536,29.036712646,29.1045188905,29.230976105,4.522572517,4.5341005325,4.617258072,6.419028136205094
summary,float,lookup,1,65536,29.026985168,29.1088581085,29.218387604,4.516399384,4.526814937499999,4.788980484,6.430317675980763
summary,float,lookup,2,65536,29.079437256,29.116630554,29.240036011,4.517086983,4.531080246,4.639033318,6.425979892919337
summary,float,lookupApply,0,65536,42.088508606,42.200422287,42.732048035,10.060887337,10.076044559500001,10.148655891,4.188193297260894
summary,float,lookupApply,1,65536,42.132091522,42.228937149000004,42.345809937,10.058650017,10.072848796999999,10.128788948,4.1923529281584235
summary,float,lookupApply,2,65536,42.139720917,42.294216156,43.976974487,10.053919792,10.0756878855,10.106596947,4.197650486659668
summary,float,prepared,0,65536,15.607452393,15.629339218,15.684318542,0.776105881,0.7867588999999999,0.789768219,19.865474947916066
summary,float,prepared,1,65536,15.605640411,15.6270980835,15.74306488,0.774825096,0.7855262755,0.796619415,19.893794225474004
summary,float,prepared,2,65536,15.607357025,15.629148483,15.704059601,0.774585724,0.784628391,0.787819862,19.919172773089215
summary,float,vienot,0,65536,7.811641693,7.8227996824999995,7.879066467,0.774271011,0.7856645584999999,0.824852943,9.956920670362656
summary,float,vienot,1,65536,7.812023163,7.824611664000001,7.995605469,0.774022102,0.7853970525,0.816138268,9.96261908431341
cross_language_checksum_max {'float': 0.0, 'double': 0.0}
R7.4.5 benchmark matrix and checksum preflight: PASS
