summary,double,brettel,0,65536,12.502193451,12.690448760999999,13.146686554,2.845179558,2.8701210020000003,2.982551575,4.42157273235409
summary,double,brettel,1,65536,12.385177612,13.027381897,13.92993927,2.849764824,2.87204504,2.901461601,4.5359253478141826
summary,double,brettel,2,65536,12.421226501,12.648296356,13.106632233,2.844272614,2.86889267,2.88574028,4.408772934680752
summary,double,lookup,0,65536,135.617351532,136.7060661315,138.885879517,3.510798454,3.5316557885,3.600452423,38.70877410438777
summary,double,lookup,1,65536,134.621334076,137.0294094085,165.811634064,3.507369041,3.5238285065,3.579232216,38.8865148107343
summary,double,lookup,2,65536,135.286426544,137.26186752299998,147.035503387,3.509700775,3.552516937,3.65228653,38.63792065096071
summary,double,lookupApply,0,65536,139.644050598,143.124771118,146.13571167,6.746342659,6.784582615,7.021257401,21.095589697967
summary,double,lookupApply,1,65536,138.985538483,139.8112773895,158.065223694,6.752378464,6.802271365999999,7.010005951,20.55361655936324
summary,double,lookupApply,2,65536,139.372348785,140.5316352845,142.728996277,6.735960007,6.768680095500001,7.064733505,20.762044194987023
summary,double,prepared,0,65536,12.925052643,13.081693649,13.776302338,0.779535294,0.7936992645000001,0.874645233,16.481927392538235
summary,double,prepared,1,65536,12.944602966,13.0102157595,13.1483078,0.774120331,0.783689976,0.85439682,16.60122772771053
summary,double,prepared,2,65536,12.876415253,12.9933357235,13.142108917,0.77483654,0.7875056265,0.801388741,16.49935605063261
summary,double,vienot,0,65536,2.577400208,2.615070343,2.703094482,0.780260086,0.7877397535,0.793708801,3.319713561973993
summary,double,vienot,1,65536,2.602481842,2.6741027835,2.736663818,0.774520874,0.783833504,0.796774864,3.4115698931644545
summary,float,brettel,0,65536,10.714912415,10.949277878,11.618995667,1.476615906,1.490493298,1.528726578,7.346076559144649
summary,float,brettel,1,65536,10.795783997,10.902118683000001,11.273574829,1.479328156,1.4946761130000001,1.524800301,7.293967293769149
summary,float,brettel,2,65536,10.60590744,10.711669922,11.132717133,1.528918266,1.5480194090000001,1.601658821,6.919596653455137
summary,float,lookup,0,65536,18.285751343,18.429183960000003,18.911457062,2.320334435,2.359230995,2.454594612,7.81152163525217
summary,float,lookup,1,65536,18.343257904,18.4085845945,19.257831573,2.324155807,2.351868153,2.517612457,7.827217937799084
summary,float,lookup,2,65536,18.091011047,18.3073043825,18.765640259,2.328471184,2.3424072264999998,2.398415565,7.815594220930825
summary,float,lookupApply,0,65536,26.263618469,26.605272293,26.816272736,6.896362305,6.952248573,7.1155653,3.826858607490702
summary,float,lookupApply,1,65536,26.180076599,26.3367652895,26.484966278,6.93209362,6.985627651,7.20455265,3.770135856830254
summary,float,lookupApply,2,65536,26.009559631,26.2186527255,26.475715637,6.923238754,6.9539628024999995,7.205976486,3.770318230070803
summary,float,prepared,0,65536,10.212230682,10.3860378265,10.672092438,0.440765381,0.451004505,0.460564613,23.02867867472854
summary,float,prepared,1,65536,10.187911987,10.210466385,10.268497467,0.445914268,0.45470523799999996,0.528110504,22.455132537971778
summary,float,prepared,2,65536,10.106563568,10.1972579955,10.269451141,0.443689346,0.457370281,0.468330383,22.29541012853872
summary,float,vienot,0,65536,2.135753632,2.2454738615,2.319049835,0.44134903,0.4506607055,0.479486465,4.982626250958993
summary,float,vienot,1,65536,2.128601074,2.17051506,2.189159393,0.446105957,0.448946953,0.454939842,4.8346804572254225
cross_language_checksum_max {'float': 0.0, 'double': 0.0}
R7.4.5 benchmark matrix and checksum preflight: PASS
