summary,double,brettel,0,65536,15.769290924,15.807390213,16.009426117,4.175925255,4.195775509000001,4.251540184,3.7674537589279775
summary,double,brettel,1,65536,16.716194153,16.7887210845,16.847896576,4.19538784,4.221190453,4.264392853,3.9772479520719695
summary,double,brettel,2,65536,16.646957397,16.702318191499998,16.828536987,4.212768555,4.2358431815,4.306116104,3.9430917236141307
summary,double,lookup,0,65536,8.512687683,8.535480499,8.687400818,5.881953239,5.903821945500001,6.035456657,1.4457550681225908
summary,double,lookup,1,65536,8.510494232,8.557701111,8.702850342,5.881923676,5.9059438705,6.013680458,1.448998043097809
summary,double,lookup,2,65536,8.512592316,8.5939884185,8.805942535,5.878034592,5.897893429,5.994850159,1.4571284683177343
summary,double,lookupApply,0,65536,11.710071564,11.7292404175,11.880207062,10.290542603,10.304052353,10.40318203,1.138313356306372
summary,double,lookupApply,1,65536,11.711120605,11.745738982999999,11.838817596,10.294059753,10.306178093,10.451211929,1.1396794114180653
summary,double,lookupApply,2,65536,11.716461182,11.786699295,12.188529968,10.297334671,10.313668728,10.425359726,1.1428231413910894
summary,double,prepared,0,65536,1.940155029,1.960372925,2.041530609,1.212778091,1.2298045160000002,1.272294044,1.5940524689047406
summary,double,prepared,1,65536,1.938819885,1.9461631775,2.040290833,1.213820457,1.22820425,1.271471977,1.5845598787823765
summary,double,prepared,2,65536,1.938533783,1.957607269,2.241134644,1.21291256,1.2434630395,1.34363842,1.5743188231691707
summary,double,vienot,0,65536,0.920772552,1.0983467105,1.269721985,1.219408989,1.2337937355,1.266714096,0.8902190689555499
summary,double,vienot,1,65536,0.973129272,1.0852336885,1.332569122,1.217833519,1.242263317,1.559955597,0.8735939262223261
summary,float,brettel,0,65536,13.138198853,13.1657600405,13.28163147,2.155293465,2.2135062215000003,2.243512154,5.94792095573064
summary,float,brettel,1,65536,14.138317108,14.165258407500001,14.274692535,2.167457581,2.180055141,2.210596085,6.497660605503007
summary,float,brettel,2,65536,13.8671875,13.881969452,13.918304443,2.163597107,2.1732668874999996,2.464328766,6.387604546797753
summary,float,lookup,0,65536,6.796550751,6.8200588225,6.894779205,4.518975258,4.537085533,4.618486404,1.503180571072562
summary,float,lookup,1,65536,6.803131104,6.836795807,6.975460052,4.510987282,4.5360918045,4.613699913,1.507199611837133
summary,float,lookup,2,65536,6.803417206,7.0029258725000005,7.185745239,4.513338089,4.5278277395,4.589354515,1.5466414085075861
summary,float,lookupApply,0,65536,9.714126587,9.7487926485,9.830665588,10.07089138,10.1005249025,10.354263306,0.9651768341353287
summary,float,lookupApply,1,65536,9.717845917,9.7540855405,9.880542755,10.082806587,10.1286730765,10.30711937,0.9630171165392732
summary,float,lookupApply,2,65536,9.719753265,9.743499756,9.877204895,10.069477081,10.085390568,10.278043747,0.9661003894995612
summary,float,prepared,0,65536,2.152824402,2.181625366,2.490997314,0.776896477,0.7892551425,0.804069519,2.7641573029091795
summary,float,prepared,1,65536,2.17590332,2.1868228915,2.361869812,0.777804375,0.8076286315,0.842594147,2.7077084766527375
summary,float,prepared,2,65536,2.17628479,2.186536789,2.827072144,0.777440071,0.8042321205,0.910757065,2.718788187222124
summary,float,vienot,0,65536,6.867313385,6.9834709165,7.118988037,0.775261879,0.7861113545,0.800027847,8.883564493152223
summary,float,vienot,1,65536,6.864261627,6.874847412,6.904125214,0.77575016,0.7866659165000001,0.807041168,8.739221145600503
cross_language_checksum_max {'float': 0.0, 'double': 0.0}
R7.4.5 benchmark matrix and checksum preflight: PASS
