summary,double,brettel,0,65536,3.822040558,3.8312435149999997,3.876113892,4.169734001,4.184410572,4.318327904,0.9155993297208407
summary,double,brettel,1,65536,3.820991516,3.8513183595,4.780960083,4.204724312,4.2195048335,4.487798691,0.9127417816714298
summary,double,brettel,2,65536,3.80525589,3.8318157194999998,3.871250153,4.217843056,4.2351646425,4.261411667,0.9047619261474791
summary,double,lookup,0,65536,8.512210846,8.5429668425,15.059089661,5.892022133,5.908055782,5.997811317,1.44598615140496
summary,double,lookup,1,65536,8.507347107,8.5374832155,8.798503876,5.886071205,5.9066944125,5.988495827,1.4453910460362756
summary,double,lookup,2,65536,8.511924744,8.5396289825,8.732795715,5.883252144,5.8979377745,5.980872154,1.4479008272046328
summary,double,lookupApply,0,65536,11.70797348,11.735868454,11.796665192,10.301999092,10.335301875999999,10.792381287,1.1355128853325813
summary,double,lookupApply,1,65536,11.714553833,11.749792099,12.084388733,10.291718483,10.319689751,10.577573776,1.1385799750289411
summary,double,lookupApply,2,65536,11.709785461,11.7338657375,11.905384064,10.293457031,10.3256850245,10.418584824,1.136376493148762
summary,double,prepared,0,65536,1.941013336,1.957035065,2.00958252,1.228218079,1.2499461175,1.304713249,1.5656955428720711
summary,double,prepared,1,65536,1.941490173,1.9641399385,2.025413513,1.214307785,1.241074562,1.327920914,1.5826123575804947
summary,double,prepared,2,65536,1.935100555,1.950597763,2.015209198,1.215826035,1.2749795915000002,1.430700302,1.5299050871121334
summary,double,vienot,0,65536,1.110553741,1.1490821835,1.287746429,1.217000961,1.2263650895,1.258191109,0.9369821379769471
summary,double,vienot,1,65536,1.126289368,1.157808304,1.249217987,1.216036797,1.2268333435,1.251666069,0.9437372322282337
summary,float,brettel,0,65536,10.069465637,10.1141929625,10.484409332,2.160634995,2.2112894059999997,2.256210327,4.573889304157414
summary,float,brettel,1,65536,10.112571716,10.138320923,10.204029083,2.166119576,2.175010204,2.232964516,4.661275107746575
summary,float,brettel,2,65536,10.052108765,10.0970745085,10.427188873,2.16047287,2.173854351,2.229247093,4.644779676179878
summary,float,lookup,0,65536,6.794834137,6.821966171,6.887531281,4.522415161,4.5417585375,4.671277046,1.502053910324157
summary,float,lookup,1,65536,6.795310974,6.8604946135,7.016944885,4.515210152,4.5340809825,4.554451942,1.513094856483411
summary,float,lookup,2,65536,6.799125671,6.8256378170000005,6.891345978,4.522080421,4.538198948,4.56880188,1.5040411174587405
summary,float,lookupApply,0,65536,9.75522995,9.7884178165,9.98544693,10.067204475,10.080513477,10.140860558,0.9710237319590462
summary,float,lookupApply,1,65536,9.747409821,9.854602814,11.17811203,10.072478294,10.108260632,10.268482208,0.974905888635579
summary,float,lookupApply,2,65536,9.744548798,9.7759723665,9.836959839,10.064347267,10.086963177000001,10.206290245,0.9691690348182183
summary,float,prepared,0,65536,2.103042603,2.1683216095,2.340698242,0.777698517,0.789087772,0.846855164,2.747883931852387
summary,float,prepared,1,65536,2.168178558,2.1793365475,2.410411835,0.776963234,0.788863659,0.949117661,2.7626276386753927
summary,float,prepared,2,65536,2.168083191,2.1777629855000002,2.295207977,0.777565002,0.7876739500000001,0.797075272,2.764802600746159
summary,float,vienot,0,65536,6.863689423,6.998682022,7.119178772,0.785351753,0.7926850320000001,0.816461563,8.829083102959359
summary,float,vienot,1,65536,6.861400604,6.8764686585,6.892967224,0.776017189,0.7882523539999999,0.81299305,8.723689340863041
cross_language_checksum_max {'float': 0.0, 'double': 0.0}
R7.4.5 benchmark matrix and checksum preflight: PASS
