summary,double,brettel,0,65536,15.331363678,15.366744995000001,16.010475159,4.175941467,4.2006354335000005,4.302205086,3.658195346458885
summary,double,brettel,1,65536,15.743541718,15.769004822,15.953445435,4.212220192,4.2286829945,4.282408714,3.7290581588900893
summary,double,brettel,2,65536,16.524791718,16.550016403,16.571426392,4.210337639,4.238624572499999,4.289258957,3.9045723724567973
summary,double,lookup,0,65536,9.512138367,9.5355033875,9.783840179,5.875361443,5.8946051595,5.97262764,1.6176661760172641
summary,double,lookup,1,65536,9.527301788,9.557199478000001,9.598445892,5.879518509,5.8949112889999995,7.991323471,1.6212626466209747
summary,double,lookup,2,65536,9.461307526,9.529447555499999,9.578704834,5.877091408,5.903056144500001,5.969073296,1.6143243977746649
summary,double,lookupApply,0,65536,9.617519379,9.631061554,9.735679626,10.315057755,10.337682724,10.401028633,0.9316460768950177
summary,double,lookupApply,1,65536,9.615707397,9.633445739999999,9.68132019,10.315010071,10.3405056,10.407554626,0.9316223125492045
summary,double,lookupApply,2,65536,9.613609314,9.6291065215,9.705257416,10.312199593,10.344356059999999,10.554188728,0.930856059637607
summary,double,prepared,0,65536,1.243686676,1.2525081635,1.323699951,1.215979576,1.228653431,1.297537804,1.0194153468326579
summary,double,prepared,1,65536,1.240539551,1.2642860415000001,1.300239563,1.216418266,1.2334070205,1.280739784,1.0250355482713909
summary,double,prepared,2,65536,1.239109039,1.262140274,1.358699799,1.215473175,1.2398705485,1.290045738,1.0179613311461766
summary,double,vienot,0,65536,0.916862488,0.935125351,1.003074646,1.215071678,1.2262072565,1.253595352,0.7626160635104675
summary,double,vienot,1,65536,0.919437408,1.0001182555,1.17225647,1.217259407,1.2262597085,1.340121269,0.8155843730064137
summary,float,brettel,0,65536,12.995147705,13.029909134,13.35401535,2.151006699,2.2088932994999997,2.24725914,5.8988404450995535
summary,float,brettel,1,65536,13.927173615,13.950061798,13.969039917,2.161765099,2.1724519730000003,2.185947418,6.421344163818713
summary,float,brettel,2,65536,13.584423065,13.608646393,13.646793365,2.161001205,2.1722660065,2.20189476,6.264723727333253
summary,float,lookup,0,65536,9.095668793,9.112167358499999,9.179115295,4.510609627,4.5315480235,4.601425171,2.0108288185947765
summary,float,lookup,1,65536,9.088134766,9.1112613675,9.181308746,4.516064644,4.525145531,4.619311333,2.013473667328999
summary,float,lookup,2,65536,9.091854095,9.1029167175,9.16929245,4.519036293,4.5364871025,4.598415375,2.006600374215436
summary,float,lookupApply,0,65536,9.546852112,9.619283675999998,9.691810608,10.070069313,10.091987133,10.351182938,0.9531605172727283
summary,float,lookupApply,1,65536,9.551715851,9.6169948575,9.664535522,10.06785202,10.085781574,10.334195137,0.9535200407563377
summary,float,lookupApply,2,65536,9.551239014,9.614229202,9.633636475,10.065941811,10.089765549,10.201501846,0.9528694354005947
summary,float,prepared,0,65536,1.455020905,1.498746872,1.604175568,0.776527405,0.7878685000000001,0.799629211,1.90228048462402
summary,float,prepared,1,65536,1.495933533,1.5087604525,1.649665833,0.776316643,0.7883267405000001,0.845959663,1.913877044869823
summary,float,prepared,2,65536,1.497077942,1.5067100525,1.698493958,0.776450157,0.7879538535,0.823917389,1.9121805747980898
summary,float,vienot,0,65536,6.910514832,7.0065498349999995,7.115268707,0.775008202,0.7853221895,0.800270081,8.921879361973637
summary,float,vienot,1,65536,6.865024567,6.874799728499999,6.943225861,0.775161743,0.7848062515,0.789549828,8.759868713278209
cross_language_checksum_max {'float': 0.0, 'double': 0.0}
R7.4.5 benchmark matrix and checksum preflight: PASS
