summary,double,brettel,0,65536,47.490978241,47.56026268,47.784805298,4.17441082,4.193658829,4.246729851,11.340994730212946
summary,double,brettel,1,65536,47.543430328,47.5733757015,47.641849518,4.208779335,4.2251801495,7.182526588,11.259490487554654
summary,double,brettel,2,65536,47.458839417,47.492980957499995,47.570228577,4.228481293,4.2523908615,4.565769196,11.168536125756603
summary,double,lookup,0,65536,46.780967712,46.823358536,46.914577484,5.903007507,5.925551891,6.014778137,7.901940510742547
summary,double,lookup,1,65536,46.776485443,46.826648712,47.083568573,5.89560318,5.909361362,6.432955742,7.924147102107782
summary,double,lookup,2,65536,46.768665314,46.830558777,46.957588196,5.897169113,5.935288429,6.200576782,7.890190904318056
summary,double,lookupApply,0,65536,54.048442841,54.148387909,58.51688385,10.275639534,10.301212311,10.688076019,5.2565063484011905
summary,double,lookupApply,1,65536,54.059314728,54.166603088,54.896831512,10.283254623,10.303997993500001,13.855809212,5.256853031432026
summary,double,lookupApply,2,65536,54.040718079,54.1415691375,54.294967651,10.277263641,10.3096256255,10.391077995,5.251555304160156
summary,double,prepared,0,65536,24.335861206,24.370574951000002,24.45526123,1.212483406,1.2375264165000002,1.362958908,19.69297352045656
summary,double,prepared,1,65536,24.331474304,24.3524074555,24.474048615,1.211003304,1.2194962500000002,1.238242149,19.969235211260383
summary,double,prepared,2,65536,24.330425262,24.3509292605,24.414730072,1.210867882,1.2223773,1.234811783,19.920959969151912
summary,double,vienot,0,65536,17.465877533,17.4863815305,17.529582977,1.225859642,1.237698078,1.260868073,14.12814792340657
summary,double,vienot,1,65536,17.468929291,17.4935340885,17.544841766,1.223127365,1.2298393244999999,1.292303085,14.224243557679474
summary,float,brettel,0,65536,36.295318604,36.339473724499996,36.757564545,2.157876968,2.2117028235,2.250641823,16.430540911004083
summary,float,brettel,1,65536,36.28692627,36.343574523499996,37.985610962,2.167383194,2.1722660065,2.19457531,16.730720093556826
summary,float,brettel,2,65536,36.225986481,36.2644672395,36.331176758,2.167135239,2.176522255,2.195407867,16.661656987973227
summary,float,lookup,0,65536,29.09040451,29.147100449,29.429531097,4.528506279,4.548350811,4.600318909,6.408278881767196
summary,float,lookup,1,65536,29.081630707,29.126119613500002,29.419517517,4.527636528,4.5534296035,4.648465157,6.396523532748189
summary,float,lookup,2,65536,29.121017456,29.163455963,29.214191437,4.521645546,4.534711838,4.587716103,6.43115968662351
summary,float,lookupApply,0,65536,39.266395569,39.3535614015,40.037059784,10.062112808,10.0851535795,10.147769928,3.9021281224208253
summary,float,lookupApply,1,65536,39.239883423,39.324617386,39.416122437,10.067634583,10.0854210855,10.131144524,3.8991547355952982
summary,float,lookupApply,2,65536,39.255046844,39.319372177,39.476108551,10.067061424,10.088143825500001,10.162168503,3.897582435096895
summary,float,prepared,0,65536,13.420009613,13.431739807,13.503074646,0.778158188,0.7909755705,0.80380249,16.981232174477125
summary,float,prepared,1,65536,13.414859772,13.428258896,13.472080231,0.77644825,0.78935194,0.865353584,17.011751305761027
summary,float,prepared,2,65536,13.422012329,13.4333610535,13.558101654,0.778674126,0.7894282340000001,0.810080528,17.016570316257525
summary,float,vienot,0,65536,10.290050507,10.311126709,10.394287109,0.778491974,0.789045334,0.810395241,13.067850812485762
summary,float,vienot,1,65536,10.290813446,10.303926468,10.351276398,0.776495934,0.7889838220000001,0.913968086,13.059743661005003
cross_language_checksum_max {'float': 0.0, 'double': 0.0}
R7.4.5 benchmark matrix and checksum preflight: PASS
