summary,double,brettel,0,65536,17.949771881,18.4406757355,19.043159485,2.807528496,2.868546486,2.940919876,6.428578315010789
summary,double,brettel,1,65536,18.379402161,18.574285507,18.780326843,2.819342613,2.8636465075000004,2.897442818,6.486235454813724
summary,double,brettel,2,65536,18.176555634,18.496799469000003,18.997478485,2.805465698,2.8533596995,2.894730568,6.482463277322251
summary,double,lookup,0,65536,27.088928223,27.218389510999998,27.448272705,3.472121239,3.5335679055,4.355625153,7.702806409531443
summary,double,lookup,1,65536,26.99842453,27.470254898,28.006458282,3.463534355,3.5067653654999997,3.548505783,7.833502397467431
summary,double,lookup,2,65536,26.965713501,27.453517914000003,44.824504852,3.485473633,3.5986661915,3.671391487,7.6288036881122325
summary,double,lookupApply,0,65536,36.463928223,36.887121200500005,37.499523163,6.648903847,6.83124733,6.946715355,5.399763676906718
summary,double,lookupApply,1,65536,36.285877228,36.741924286,37.358665466,6.649142265,6.773032665000001,7.376608849,5.424737499918731
summary,double,lookupApply,2,65536,36.065196991,37.0546340945,38.297271729,6.670192719,6.749457359499999,6.853534698,5.490016770362264
summary,double,prepared,0,65536,13.1067276,13.3459091185,13.690185547,0.770828247,0.7888927459999999,0.809325218,16.917266873309543
summary,double,prepared,1,65536,13.06476593,13.107681274499999,13.165378571,0.772825241,0.783367157,0.823708534,16.73248764308356
summary,double,prepared,2,65536,12.944412231,13.184690475,13.443565369,0.771831512,0.7886781695,0.799105644,16.71745330970518
summary,double,vienot,0,65536,16.553211212,16.783952713,17.165374756,0.769825935,0.7918872834999999,0.822219849,21.194875915695903
summary,double,vienot,1,65536,16.566371918,16.7335510255,17.888450623,0.771583557,0.78312397,0.799086571,21.367691025343024
summary,float,brettel,0,65536,34.946727753,35.5800151825,36.163043976,1.474934578,1.4982247355,1.547073364,23.74811624680989
summary,float,brettel,1,65536,34.821891785,35.259580612,36.00063324,1.469307899,1.480164051,1.496062279,23.821400464481354
summary,float,brettel,2,65536,35.08234024,35.704755782999996,36.430454254,1.502679825,1.5276565555000001,1.545184135,23.37224008528139
summary,float,lookup,0,65536,18.273735046,18.6219215395,29.690361023,2.322877884,2.334277153,2.345944405,7.977596625819351
summary,float,lookup,1,65536,17.955780029,18.473958969,18.843841553,2.308618546,2.355778694,2.381261826,7.841975570987145
summary,float,lookup,2,65536,18.164348602,18.4792518615,19.219398499,2.300347328,2.367364407,2.451576233,7.8058332746995625
summary,float,lookupApply,0,65536,26.015472412,26.881313323999997,32.728862762,6.878826141,6.941271781999999,7.079447746,3.8726784036476154
summary,float,lookupApply,1,65536,25.913524628,26.4441013335,27.494812012,6.909686089,6.99001503,7.073945999,3.7831251034520306
summary,float,lookupApply,2,65536,26.133441925,26.639556885,26.881694794,6.826887131,6.9229478835,7.043831825,3.848007717708251
summary,float,prepared,0,65536,10.144996643,10.333061218000001,12.498283386,0.441966057,0.453230381,0.461157799,22.79869499304373
summary,float,prepared,1,65536,10.180473328,10.293197632,10.366821289,0.43998909,0.45067548749999997,0.483994484,22.839488539966357
summary,float,prepared,2,65536,10.156917572,10.4071140285,14.16053772,0.436483383,0.44699192050000003,0.459992409,23.282555122827997
summary,float,vienot,0,65536,18.400764465,18.6419963835,19.017982483,0.443140984,0.4503107075,0.459425926,41.39807486922793
summary,float,vienot,1,65536,18.408584595,18.5813903805,19.218349457,0.439826965,0.44614171950000003,0.456945419,41.64907599613086
cross_language_checksum_max {'float': 0.0, 'double': 0.0}
R7.4.5 benchmark matrix and checksum preflight: PASS
