summary,double,brettel,0,65536,29.364967346,29.430341720500003,30.359458923,4.180428505,4.2186899185,4.618581772,6.976180351971513
summary,double,brettel,1,65536,29.43315506,29.470682144,29.559326172,4.215083122,4.2332653995000005,4.277244568,6.9616901759764085
summary,double,brettel,2,65536,29.378890991,29.439640044999997,29.515552521,4.220348358,4.240135193,4.27828598,6.9430899499623555
summary,double,lookup,0,65536,49.313735962,49.352836609,49.602603912,5.881953239,5.9185714725,5.991315842,8.338639963767033
summary,double,lookup,1,65536,49.315452576,49.3691921235,50.6067276,5.893409729,5.9140381810000004,5.979945183,8.3477973277393
summary,double,lookup,2,65536,49.303340912,49.3848800655,49.495410919,5.877768517,5.9280114175,6.146003723,8.330766691796779
summary,double,lookupApply,0,65536,76.086139679,76.1543273925,76.485347748,10.284622192,10.333368778,10.450231552,7.3697483394412915
summary,double,lookupApply,1,65536,76.070594788,76.120042801,76.299476624,10.300598145,10.330283642,10.385574341,7.368630469304591
summary,double,lookupApply,2,65536,76.036453247,76.15189552300001,76.351165771,10.296422005,10.3341913225,11.10753727,7.368926425544219
summary,double,prepared,0,65536,26.510906219,26.542854309,26.729011536,1.223166466,1.240101337,1.25476265,21.40377847927439
summary,double,prepared,1,65536,26.515483856,26.5627384185,26.768875122,1.217423439,1.2308955190000002,1.25860405,21.580010657671423
summary,double,prepared,2,65536,26.515865326,26.545190810999998,26.696872711,1.219946861,1.2302317615,1.251877785,21.577390246073563
summary,double,vienot,0,65536,22.165489197,22.1960544585,22.596549988,1.225841522,1.240445614,1.28935051,17.893613559505884
summary,double,vienot,1,65536,22.467041016,22.5083351135,22.553730011,1.224437714,1.23844862,1.260801315,18.174621659718106
summary,float,brettel,0,65536,42.481708527,42.547750472999994,42.733001709,2.161548615,2.221312523,2.24331665,19.154328817962547
summary,float,brettel,1,65536,42.461395264,42.5866127015,43.103027344,2.163545609,2.1778726575,2.215197563,19.554225337667614
summary,float,brettel,2,65536,42.494392395,42.806196213,43.05524826,2.171580315,2.1781883239999997,2.22210598,19.6522016674808
summary,float,lookup,0,65536,158.818340302,158.9131355285,159.675693512,4.517169952,4.5412659645,4.847891808,34.99313556412602
summary,float,lookup,1,65536,158.805656433,158.9324474335,164.520549774,4.513778687,4.5325479505,4.587338448,35.064702937332996
summary,float,lookup,2,65536,158.807468414,158.91399383549998,158.990573883,4.518154144,4.538710593999999,4.59105587,35.0130263968754
summary,float,lookupApply,0,65536,174.448013306,174.64289665249999,186.100196838,10.06873703,10.089708805,10.151564598,17.30901258180562
summary,float,lookupApply,1,65536,174.423980713,174.62186813350002,188.433456421,10.077421188,10.091012001,10.933261871,17.30469333662425
summary,float,lookupApply,2,65536,174.444961548,174.574232101,175.34570694,10.071955681,10.086584568,10.113451958,17.30756639416301
summary,float,prepared,0,65536,15.602207184,15.655660629,23.010921478,0.778066635,0.7935543060000001,0.814985275,19.728530877633467
summary,float,prepared,1,65536,15.604114532,15.6315803525,15.794086456,0.777464867,0.7928471565,0.825743675,19.71575507882899
summary,float,prepared,2,65536,15.607643127,15.623664856000001,15.655994415,0.776356697,0.7901582715,0.806482315,19.772829595697022
summary,float,vienot,0,65536,19.66342926,19.690608978500002,20.729160309,0.777015686,0.7904920575,0.811411858,24.909306541008483
summary,float,vienot,1,65536,19.337272644,19.3644523625,35.303592682,0.777349472,0.788108349,0.808019638,24.57079967122642
cross_language_checksum_max {'float': 0.0, 'double': 0.0}
R7.4.5 benchmark matrix and checksum preflight: PASS
