summary,double,brettel,0,65536,29.313087463,29.390716552500002,29.63848114,4.170983315,4.1869974135,4.243883133,7.0195210672298165
summary,double,brettel,1,65536,29.075145721,29.1309833525,29.309177399,4.202915192,4.2219667434999995,4.379137039,6.899860923193936
summary,double,brettel,2,65536,29.177951813,29.5812129975,29.908370972,4.206555367,4.2217850685,4.280707359,7.006802221698653
summary,double,lookup,0,65536,46.800422668,46.838092804,46.906757355,5.868325233,5.9016633034999995,6.847187042,7.936422394043138
summary,double,lookup,1,65536,46.799468994,46.8386650085,47.651290894,5.875587463,5.884229183,5.934301376,7.960034110129595
summary,double,lookup,2,65536,46.761512756,46.826076507500005,47.913169861,5.877527237,5.9051160815,6.114251137,7.929746995863523
summary,double,lookupApply,0,65536,55.7305336,55.825948714999996,56.009483337,10.279684067,10.300437450499999,10.509467125,5.419764838462285
summary,double,lookupApply,1,65536,55.742168427,55.8001995085,55.964851379,10.274324417,10.306151867,10.407071114,5.414261329407596
summary,double,lookupApply,2,65536,55.743980408,55.8021068575,57.041454315,10.284155846,10.3206701275,14.649038315,5.406829805441817
summary,double,prepared,0,65536,26.515007019,26.5368938445,26.767349243,1.211877823,1.219009876,1.263443947,21.76921973066935
summary,double,prepared,1,65536,26.511478424,26.544570923000002,26.620674133,1.21309185,1.2174859045000002,1.235572815,21.80277473840766
summary,double,prepared,2,65536,26.522064209,26.553487777500003,26.710605621,1.212536812,1.2177152635000001,1.229811668,21.805990754504492
summary,double,vienot,0,65536,22.477722168,22.5217819215,22.762298584,1.213846207,1.217978001,1.2399683,18.49112373376931
summary,double,vienot,1,65536,22.476291656,22.5036144255,22.616195679,1.215355873,1.2186856270000002,1.236041069,18.465479469792744
summary,float,brettel,0,65536,42.522335052,42.566919327,42.770195007,2.145374298,2.202998161,2.225527763,19.322267299432394
summary,float,brettel,1,65536,42.610931396,42.7380561825,42.997264862,2.161598206,2.1721415520000003,2.214033127,19.67553916693363
summary,float,brettel,2,65536,42.377948761,42.5538063045,42.729282379,2.160308838,2.165950298,2.191255569,19.64671412072264
summary,float,lookup,0,65536,29.119777679,29.1561126705,29.401683807,4.521051407,4.5410494805,4.648730278,6.420567050788823
summary,float,lookup,1,65536,29.099178314,29.145860672,29.22039032,4.516922951,4.5392627715,4.605571747,6.42083574782095
summary,float,lookup,2,65536,29.114055634,29.1596889495,29.335784912,4.525665283,4.5460405349999995,4.588543892,6.414304651487232
summary,float,lookupApply,0,65536,42.051792145,42.236995697,42.603683472,10.062422752,10.0877656935,10.115495682,4.186952490799344
summary,float,lookupApply,1,65536,42.048358917,42.148208618,42.454719543,10.05907917,10.07132864,10.117381096,4.184970039663009
summary,float,lookupApply,2,65536,42.06237793,42.189311981,42.474651337,10.058334351,10.0752682685,10.111320496,4.187413263516121
summary,float,prepared,0,65536,15.603923798,15.641736984,15.964412689,0.777605057,0.787465572,0.829772949,19.863391543928984
summary,float,prepared,1,65536,15.60382843,15.6293392185,15.842437744,0.776306152,0.7864527705,0.830776215,19.873207654368613
summary,float,prepared,2,65536,15.613651276,15.6434059145,15.803337097,0.77682209,0.7868442535,0.789156914,19.881197384254648
summary,float,vienot,0,65536,19.347572327,19.368314743,19.432544708,0.774833679,0.7846713064999999,0.798147202,24.683347769388583
summary,float,vienot,1,65536,19.338321686,19.3669319155,19.459724426,0.774367332,0.7846274375,0.797535896,24.68296543032884
cross_language_checksum_max {'float': 0.0, 'double': 0.0}
R7.4.5 benchmark matrix and checksum preflight: PASS
