summary,double,brettel,0,65536,29.142379761,29.2028427125,29.316711426,4.190247536,4.215075016,4.271775246,6.928190507084441
summary,double,brettel,1,65536,29.317092896,29.4200897215,38.092422485,4.219867706,4.2445778845,4.427495003,6.9312168422998806
summary,double,brettel,2,65536,29.297828674,29.369497299,29.440116882,4.23451519,4.258567810000001,4.325287819,6.896566782389686
summary,double,lookup,0,65536,46.03767395,46.1685180665,56.997966766,5.900884628,5.929469108499999,6.021771431,7.786281911869076
summary,double,lookup,1,65536,46.037387848,46.1035251615,46.318817139,5.897357941,5.9232368465,6.123599052,7.783501885247466
summary,double,lookup,2,65536,46.02432251,46.126651764,46.220779419,5.9003582,5.9268255235,6.019526482,7.782691017494401
summary,double,lookupApply,0,65536,53.446674347,53.4964561465,55.498695374,10.302676201,10.32781744,10.369226456,5.1798413805521335
summary,double,lookupApply,1,65536,53.449440002,53.524637222500004,55.020141602,10.298128128,10.333996772999999,10.394440651,5.179471060252866
summary,double,lookupApply,2,65536,53.419303894,53.492069244,53.605747223,10.302150726,10.3245859145,10.422802925,5.181037737201155
summary,double,prepared,0,65536,24.354839325,24.3928432465,24.56111908,1.21715641,1.2404990195,1.492499352,19.66373440289527
summary,double,prepared,1,65536,24.361610413,24.413204193,24.850082397,1.216107368,1.230967522,1.340490341,19.832533155168004
summary,double,prepared,2,65536,24.353408813,24.390268325999998,24.792385101,1.220385551,1.246714592,1.434861183,19.56363427725084
summary,double,vienot,0,65536,22.176361084,22.233486175499998,25.116348267,1.224108696,1.2460069655,1.310956001,17.843789634497032
summary,double,vienot,1,65536,22.488975525,22.538805008,22.625732422,1.222774506,1.2455773350000001,1.59865284,18.095066741078746
summary,float,brettel,0,65536,42.560005188,42.646980286,45.754051208,2.156456947,2.217543602,2.281572342,19.231631002671936
summary,float,brettel,1,65536,42.443561554,42.59533882149999,42.857170105,2.173798561,2.181211948,2.215257645,19.528289701767207
summary,float,brettel,2,65536,42.569446564,42.780971527000005,44.464111328,2.167301178,2.1802897455,2.223941803,19.621690931353328
summary,float,lookup,0,65536,29.190254211,29.217004776,29.372024536,4.533802986,4.563551426,4.611617088,6.402251678274393
summary,float,lookup,1,65536,29.175376892,29.240274429499998,29.629421234,4.531175613,4.5609478955,4.657011986,6.41100821571532
summary,float,lookup,2,65536,29.233455658,29.273223877,33.695411682,4.534377098,4.5565238,6.32298851,6.424464166520978
summary,float,lookupApply,0,65536,39.263725281,39.3524646755,40.048503876,10.076569557,10.106529236,10.237941742,3.893766470820112
summary,float,lookupApply,1,65536,39.252376556,39.357757568500006,39.472866058,10.073779106,10.105196476,10.13405323,3.894803793471537
summary,float,lookupApply,2,65536,39.289855957,39.3834114075,39.507389069,10.080229759,10.1020488735,10.186517715,3.8985568076998476
summary,float,prepared,0,65536,13.430500031,13.459968567,15.406036377,0.78233242,0.795692921,0.820174217,16.916034077674045
summary,float,prepared,1,65536,13.429164886,13.458013535,13.542938232,0.785223007,0.7958869934999999,0.81373024,16.909452780245743
summary,float,prepared,2,65536,13.43460083,13.458967209,13.562488556,0.781774521,0.7928266525000001,0.827002525,16.975926788737716
summary,float,vienot,0,65536,19.374084473,19.4121837615,30.745315552,0.776677132,0.789819241,0.846305847,24.57800817427794
summary,float,vienot,1,65536,19.35710907,19.3811416625,19.772148132,0.779515266,0.789451599,0.803204536,24.550132885980766
cross_language_checksum_max {'float': 0.0, 'double': 0.0}
R7.4.5 benchmark matrix and checksum preflight: PASS
